&control
  calculation ='scf'
  restart_mode ='from_scratch',
  prefix       ='ZnO',
  outdir='./temp'
  pseudo_dir='./GBRV_PBEsol'
  disk_io='low'
  etot_conv_thr=1.D-7,
  forc_conv_thr=1.D-6,
  verbosity    ='high',
  tprnfor=.t.
  tstress=.t.
  nstep=200
!  tefield = .true.
!  dipfield = .true.

 /
&system
  nosym = .true.,
  ibrav= 0,
  nat=  72,
  ntyp= 3,
  tot_charge = 0.0
  ecutwfc =  60,
  ecutrho = 500,
  occupations='smearing', smearing='mv', degauss=0.001,
!  eamp = 0.0
!  edir = 3
!  emaxpos = 0.1
!  eopreg = 0.05

!  input_dft='hse', nqx1=2, nqx2=2, nqx3=1,
!  x_gamma_extrapolation = .true.
!  vdw_corr = DFT-D3
/

&electrons
    mixing_mode = 'plain'
    mixing_beta = 0.5,
    conv_thr =  1.0d-8
!   Startingpot = 'file'
!   Startingwfc = 'file'
/

&IONS
  upscale           = 100.D0,
/

&CELL
  cell_dynamics     = 'bfgs'
  press_conv_thr    = 0.5d0
  cell_dofree = 'all'
/

ATOMIC_SPECIES
Zn 65.38   zn_pbesol_v1.uspp.F.UPF
O  15.999  o_pbesol_v1.2.uspp.F.UPF
Mg 24.305   mg_pbesol_v1.4.uspp.F.UPF

K_POINTS {automatic}
4 4 4 0 0 0 

CELL_PARAMETERS (angstrom)
  10.319994121   0.003596197   0.000042253
  -5.156866417   8.939316508   0.001690848
  -0.000149028   0.002706023   8.792185230

ATOMIC_POSITIONS (crystal)
Zn       0.222618040   0.111020553   0.255383916    1   1   0
Zn       0.222751151   0.109793621   0.751431959    1   1   0
Zn       0.222491200   0.444881538   0.253510403    1   1   0
Zn       0.222073800   0.444799889   0.753363513    1   1   0
Zn       0.222990563   0.778203713   0.253220448    1   1   0
Zn       0.222543276   0.777920494   0.754034399    1   1   0
Zn       0.554904275   0.111221542   0.253090058    1   1   0
Zn       0.554768385   0.109962463   0.753893598    1   1   0
Zn       0.555395329   0.444736334   0.252597536    1   1   0
Mg       0.557100441   0.442976852   0.752371771    1   1   0
Mg       0.557025200   0.780270935   0.253769413    1   1   0
Zn       0.555645101   0.778122228   0.753574177    1   1   0
Zn       0.888656414   0.110561856   0.251466488    1   1   0
Zn       0.887712989   0.110356769   0.754431924    1   1   0
Mg       0.889440912   0.445897040   0.252713938    1   1   0
Zn       0.888660526   0.445175724   0.752287375    1   1   0
Zn       0.888824133   0.778671070   0.253124988    1   1   0
Mg       0.889577806   0.777372081   0.752842405    1   1   0
Mg       0.109973180   0.222223721   0.503115735    1   1   0
Zn       0.110811083   0.221664718   0.002306361    1   1   0
Zn       0.112064806   0.555225082   0.502510313    1   1   0
Zn       0.110358674   0.554868935   0.003817236    1   1   0
Zn       0.112229580   0.889007653   0.504110573    1   1   0
Zn       0.111836397   0.889473576   0.003520437    1   1   0
Zn       0.444652324   0.221808405   0.503595686    1   1   0
Zn       0.443986904   0.221382727   0.000682707    1   1   0
Mg       0.443300774   0.555688687   0.504513605    1   1   0
Mg       0.443496727   0.554983173   0.004405903    1   1   0
Zn       0.444867599   0.889412258   0.501219763    1   1   0
Zn       0.444479853   0.889479113   0.002728737    1   1   0
Zn       0.777419565   0.221338810   0.503338888    1   1   0
Mg       0.777065909   0.221433387   0.005697558    1   1   0
Zn       0.777165094   0.555316141   0.500959864    1   1   0
Zn       0.777773763   0.554983580   0.001949804    1   1   0
Zn       0.777364648   0.890348471   0.505049958    1   1   0
Zn       0.778015403   0.889286183   0.003710401    1   1   0
O        0.222018024   0.111306144   0.003710406    1   1   0
O        0.222252231   0.111253827   0.503115768    1   1   0
O        0.221648980   0.443655976   0.002306466    1   1   0
O        0.222281845   0.444035839   0.502510243    1   1   0
O        0.222249211   0.777313974   0.003817297    1   1   0
O        0.222620460   0.777575842   0.504110708    1   1   0
O        0.555360768   0.110854185   0.003520492    1   1   0
O        0.555828625   0.111280356   0.503595491    1   1   0
O        0.555220839   0.444396478   0.000682921    1   1   0
O        0.554678861   0.444405107   0.504513716    1   1   0
O        0.555321507   0.777372826   0.004405541    1   1   0
O        0.555258288   0.777411070   0.501219626    1   1   0
O        0.889043446   0.111152409   0.002728825    1   1   0
O        0.888379667   0.111363156   0.503339004    1   1   0
O        0.888362779   0.443622486   0.005697239    1   1   0
O        0.888862335   0.444173307   0.500959762    1   1   0
O        0.888943122   0.777595664   0.001949929    1   1   0
O        0.889140744   0.778373951   0.505049998    1   1   0
O        0.111050700   0.222404533   0.255383878    1   1   0
O        0.111005053   0.221619158   0.751432029    1   1   0
O        0.111656565   0.556110200   0.253510385    1   1   0
O        0.110535122   0.555331867   0.753363257    1   1   0
O        0.110924629   0.888660223   0.253220537    1   1   0
O        0.111378121   0.888618390   0.754034313    1   1   0
O        0.444755147   0.223170287   0.253090249    1   1   0
O        0.444298191   0.221373029   0.753893465    1   1   0
O        0.445303068   0.557303478   0.252597407    1   1   0
O        0.445386676   0.555013332   0.752371921    1   1   0
O        0.444662790   0.889684829   0.253769523    1   1   0
O        0.444512619   0.888316139   0.753574316    1   1   0
O        0.777927826   0.222835805   0.251466301    1   1   0
O        0.777563230   0.222769233   0.754431934    1   1   0
O        0.777335576   0.556436881   0.252713893    1   1   0
O        0.778351185   0.555649706   0.752287492    1   1   0
O        0.778392830   0.889482036   0.253124951    1   1   0
O        0.777447112   0.888208960   0.752842344    1   1   0

