&control
  calculation ='scf'
  restart_mode ='from_scratch',
  prefix       ='ZnO',
  outdir='./temp'
  pseudo_dir='./GBRV_PBEsol'
  disk_io='low'
  etot_conv_thr=1.D-7,
  forc_conv_thr=1.D-6,
  verbosity    ='high',
  tprnfor=.t.
  tstress=.t.
  nstep=200
!  tefield = .true.
!  dipfield = .true.

 /
&system
  nosym = .true.,
  ibrav= 0,
  nat=  72,
  ntyp= 3,
  tot_charge = 0.0
  ecutwfc =  60,
  ecutrho = 500,
  occupations='smearing', smearing='mv', degauss=0.001,
!  eamp = 0.0
!  edir = 3
!  emaxpos = 0.1
!  eopreg = 0.05

!  input_dft='hse', nqx1=2, nqx2=2, nqx3=1,
!  x_gamma_extrapolation = .true.
!  vdw_corr = DFT-D3
/

&electrons
    mixing_mode = 'plain'
    mixing_beta = 0.5,
    conv_thr =  1.0d-8
!   Startingpot = 'file'
!   Startingwfc = 'file'
/

&IONS
  upscale           = 100.D0,
/

&CELL
  cell_dynamics     = 'bfgs'
  press_conv_thr    = 0.5d0
  cell_dofree = 'z'
/

ATOMIC_SPECIES
Zn 65.38   zn_pbesol_v1.uspp.F.UPF
O  15.999  o_pbesol_v1.2.uspp.F.UPF
Mg 24.305   mg_pbesol_v1.4.uspp.F.UPF

K_POINTS {automatic}
4 4 4 0 0 0 

CELL_PARAMETERS (angstrom)
   9.727221948   0.004474116  -0.000125680
  -4.859720513   8.425856334   0.001653513
  -0.000166011   0.002370583   9.519672602

ATOMIC_POSITIONS (crystal)
Zn       0.221801232   0.109423858   0.255384254    1   1   0
Zn       0.222008157   0.108494765   0.751432193    1   1   0
Zn       0.222241978   0.443799990   0.253510579    1   1   0
Zn       0.221922488   0.443442722   0.753363760    1   1   0
Zn       0.223960176   0.777042796   0.253220703    1   1   0
Zn       0.223350549   0.776820550   0.754034608    1   1   0
Zn       0.554775284   0.111782635   0.253089980    1   1   0
Zn       0.554327828   0.110113755   0.753893515    1   1   0
Zn       0.555472070   0.444960904   0.252597508    1   1   0
Mg       0.556516998   0.442835686   0.752371811    1   1   0
Mg       0.557602697   0.780400956   0.253769413    1   1   0
Zn       0.556898707   0.777996871   0.753574260    1   1   0
Zn       0.887959295   0.111840593   0.251466170    1   1   0
Zn       0.887186331   0.111248944   0.754431793    1   1   0
Mg       0.889464368   0.447106056   0.252713717    1   1   0
Zn       0.888651354   0.446849718   0.752287006    1   1   0
Zn       0.889539458   0.779460425   0.253124844    1   1   0
Mg       0.890317996   0.778375463   0.752842225    1   1   0
Mg       0.109424972   0.220924130   0.503115973    1   1   0
Zn       0.110065692   0.220605661   0.002306517    1   1   0
Zn       0.112115154   0.553832839   0.502510618    1   1   0
Zn       0.110312423   0.553788512   0.003817502    1   1   0
Zn       0.112937693   0.887863546   0.504110821    1   1   0
Zn       0.112561637   0.888085369   0.003520710    1   1   0
Zn       0.443239015   0.221844155   0.503595616    1   1   0
Zn       0.443479997   0.221419038   0.000682706    1   1   0
Mg       0.443170532   0.555790000   0.504513539    1   1   0
Mg       0.443121088   0.554976384   0.004405907    1   1   0
Zn       0.445641184   0.889782911   0.501219740    1   1   0
Zn       0.445391319   0.889707262   0.002728688    1   1   0
Zn       0.777012719   0.222820290   0.503338611    1   1   0
Mg       0.776808175   0.222556913   0.005697340    1   1   0
Zn       0.776759200   0.556387136   0.500959687    1   1   0
Zn       0.777199353   0.555801820   0.001949588    1   1   0
Zn       0.778198230   0.891288689   0.505049734    1   1   0
Zn       0.778595685   0.890329088   0.003710223    1   1   0
O        0.221357907   0.110122460   0.003710623    1   1   0
O        0.221139330   0.109942175   0.503116056    1   1   0
O        0.221489726   0.442612295   0.002306585    1   1   0
O        0.222198399   0.442527722   0.502510491    1   1   0
O        0.222992667   0.776200391   0.003817541    1   1   0
O        0.223225035   0.776285569   0.504110937    1   1   0
O        0.555133731   0.111152356   0.003520396    1   1   0
O        0.555306891   0.111756994   0.503595363    1   1   0
O        0.554716827   0.444312862   0.000682968    1   1   0
O        0.554489122   0.444489654   0.504513749    1   1   0
O        0.555893497   0.777149302   0.004405594    1   1   0
O        0.555984887   0.777473257   0.501219654    1   1   0
O        0.888458629   0.112086001   0.002728675    1   1   0
O        0.887913850   0.112491962   0.503338752    1   1   0
O        0.888309432   0.444753330   0.005697040    1   1   0
O        0.888946526   0.445622885   0.500959448    1   1   0
O        0.889633810   0.778485053   0.001949759    1   1   0
O        0.889749461   0.779249837   0.505049844    1   1   0
O        0.110717009   0.221299491   0.255384093    1   1   0
O        0.110446674   0.220497669   0.751432218    1   1   0
O        0.111405634   0.555072163   0.253510657    1   1   0
O        0.110606155   0.554246887   0.753363484    1   1   0
O        0.111512873   0.887339172   0.253220789    1   1   0
O        0.111874601   0.887221260   0.754034639    1   1   0
O        0.443953942   0.223387375   0.253090169    1   1   0
O        0.443610156   0.221380426   0.753893459    1   1   0
O        0.445123087   0.557476395   0.252597361    1   1   0
O        0.445064998   0.554979881   0.752371883    1   1   0
O        0.445553181   0.890215434   0.253769394    1   1   0
O        0.445411397   0.888220858   0.753574354    1   1   0
O        0.777714516   0.224352642   0.251466017    1   1   0
O        0.777421041   0.224066149   0.754431683    1   1   0
O        0.777211017   0.557297553   0.252713681    1   1   0
O        0.777714783   0.556824757   0.752287306    1   1   0
O        0.779132501   0.890381024   0.253124838    1   1   0
O        0.778555676   0.889226336   0.752842110    1   1   0

