&control
  calculation ='relax'
  restart_mode ='from_scratch',
  prefix       ='ZnO',
  outdir='./temp'
  pseudo_dir='./GBRV_PBEsol'
  disk_io='low'
  etot_conv_thr=1.D-7,
  forc_conv_thr=1.D-6,
  verbosity    ='high',
  tprnfor=.t.
  tstress=.t.
  nstep=200
!  tefield = .true.
!  dipfield = .true.

 /
&system
  nosym = .true.,
  ibrav= 0,
  nat=  72,
  ntyp= 3,
  tot_charge = 0.0
  ecutwfc =  60,
  ecutrho = 500,
  occupations='smearing', smearing='mv', degauss=0.001,
!  eamp = 0.0
!  edir = 3
!  emaxpos = 0.1
!  eopreg = 0.05

!  input_dft='hse', nqx1=2, nqx2=2, nqx3=1,
!  x_gamma_extrapolation = .true.
!  vdw_corr = DFT-D3
/

&electrons
    mixing_mode = 'plain'
    mixing_beta = 0.5,
    conv_thr =  1.0d-8
!   Startingpot = 'file'
!   Startingwfc = 'file'
/

&IONS
  upscale           = 100.D0,
/

&CELL
  cell_dynamics     = 'bfgs'
  press_conv_thr    = 0.5d0
  cell_dofree = 'z'
/

ATOMIC_SPECIES
Zn 65.38   zn_pbesol_v1.uspp.F.UPF
O  15.999  o_pbesol_v1.2.uspp.F.UPF
Mg 24.305   mg_pbesol_v1.4.uspp.F.UPF

K_POINTS {automatic}
4 4 4 0 0 0 

CELL_PARAMETERS (angstrom)
   9.760484460  -0.006522928   0.005047546
  -4.885876579   8.462586866  -0.001997511
   0.006803180   0.000805560   9.262059164

ATOMIC_POSITIONS (crystal)
Mg       0.224514557   0.780741918   0.250233401    1   1   0
Mg       0.225082368   0.441869396   0.251836435    1   1   0
Mg       0.888061158   0.109571556   0.251959190    1   1   0
Mg       0.553913792   0.779261702   0.253300346    1   1   0
Mg       0.886336661   0.776356303   0.253638352    1   1   0
Mg       0.555920446   0.115077266   0.256119603    1   1   0
Mg       0.114709060   0.556206357   0.500867318    1   1   0
Mg       0.775090402   0.887096666   0.503532978    1   1   0
Mg       0.109283214   0.887327119   0.504127390    1   1   0
Mg       0.111281308   0.221381263   0.504651077    1   1   0
Mg       0.225353926   0.780722827   0.753188277    1   1   0
Mg       0.554975703   0.444004690   0.753606179    1   1   0
Mg       0.777369633   0.888036018   0.000567588    1   1   0
Mg       0.114127961   0.555097348   0.000900865    1   1   0
Mg       0.779881224   0.224596355   0.003822406    1   1   0
Mg       0.779320340   0.552637081   0.005653931    1   1   0
O        0.556497324   0.444541204   0.000566162    1   1   0
O        0.893358606   0.445666468   0.000900391    1   1   0
O        0.222590756   0.777787004   0.001392738    1   1   0
O        0.218517269   0.107602720   0.003133177    1   1   0
O        0.554827307   0.779374678   0.003748502    1   1   0
O        0.886695031   0.109311509   0.003823362    1   1   0
O        0.223077605   0.442236009   0.004091520    1   1   0
O        0.885115486   0.774680868   0.004498846    1   1   0
O        0.557595110   0.116252776   0.005654729    1   1   0
O        0.778718473   0.553113496   0.249710923    1   1   0
O        0.778541606   0.222468477   0.250234315    1   1   0
O        0.445879542   0.893015348   0.250815340    1   1   0
O        0.117746834   0.557989636   0.251835881    1   1   0
O        0.446818895   0.557656970   0.251956965    1   1   0
O        0.441419363   0.222662950   0.253299529    1   1   0
O        0.775930305   0.887707405   0.253637724    1   1   0
O        0.108485500   0.885641862   0.254805602    1   1   0
O        0.109622056   0.221031382   0.256120383    1   1   0
O        0.886424500   0.776220901   0.499131203    1   1   0
O        0.888236166   0.109285484   0.499818933    1   1   0
O        0.557098152   0.115114983   0.500567976    1   1   0
O        0.222486691   0.442794620   0.500868338    1   1   0
O        0.553263851   0.778943826   0.501429022    1   1   0
O        0.892593586   0.445640145   0.501786771    1   1   0
O        0.221500337   0.777753880   0.503532730    1   1   0
O        0.219446547   0.108291299   0.504126475    1   1   0
O        0.556514450   0.445368748   0.504649765    1   1   0
O        0.776213623   0.887220080   0.750216043    1   1   0
O        0.109839917   0.221192248   0.751159081    1   1   0
O        0.108159782   0.885526517   0.751169511    1   1   0
O        0.116318788   0.558273156   0.752014685    1   1   0
O        0.446230855   0.557081112   0.752606155    1   1   0
O        0.441989267   0.222318988   0.753027337    1   1   0
O        0.446701732   0.894129096   0.753188781    1   1   0
O        0.778962395   0.223670957   0.753605396    1   1   0
O        0.777088147   0.552578111   0.754736740    1   1   0
Zn       0.894190977   0.444829529   0.249710151    1   1   0
Zn       0.555166624   0.444540200   0.250814892    1   1   0
Zn       0.218379208   0.107822734   0.254804782    1   1   0
Zn       0.779089042   0.553608940   0.499128235    1   1   0
Zn       0.443794159   0.891889587   0.499818432    1   1   0
Zn       0.780529021   0.223773147   0.500567003    1   1   0
Zn       0.444705992   0.556538288   0.501428623    1   1   0
Zn       0.440591462   0.222530859   0.501790516    1   1   0
Zn       0.887169688   0.110268335   0.750215101    1   1   0
Zn       0.885899708   0.773606487   0.751159783    1   1   0
Zn       0.224455251   0.443710049   0.751166976    1   1   0
Zn       0.556413179   0.115473183   0.752018256    1   1   0
Zn       0.551534346   0.778365233   0.752608773    1   1   0
Zn       0.893204384   0.446751987   0.753022783    1   1   0
Zn       0.220113809   0.107974881   0.754738266    1   1   0
Zn       0.106896571   0.885261751   0.001393937    1   1   0
Zn       0.108750565   0.220173589   0.003132739    1   1   0
Zn       0.445989128   0.556625280   0.003745153    1   1   0
Zn       0.440813789   0.221737063   0.004094814    1   1   0
Zn       0.446585488   0.894390101   0.004498451    1   1   0

