&control
  calculation ='relax'
  restart_mode ='from_scratch',
  prefix       ='ZnO',
  outdir='./temp'
  pseudo_dir='./GBRV_PBEsol'
  disk_io='low'
  etot_conv_thr=1.D-7,
  forc_conv_thr=1.D-6,
  verbosity    ='high',
  tprnfor=.t.
  tstress=.t.
  nstep=200
!  tefield = .true.
!  dipfield = .true.

 /
&system
  nosym = .true.,
  ibrav= 0,
  nat=  72,
  ntyp= 3,
  tot_charge = 0.0
  ecutwfc =  60,
  ecutrho = 500,
  occupations='smearing', smearing='mv', degauss=0.001,
!  eamp = 0.0
!  edir = 3
!  emaxpos = 0.1
!  eopreg = 0.05

!  input_dft='hse', nqx1=2, nqx2=2, nqx3=1,
!  x_gamma_extrapolation = .true.
!  vdw_corr = DFT-D3
/

&electrons
    mixing_mode = 'plain'
    mixing_beta = 0.5,
    conv_thr =  1.0d-8
!   Startingpot = 'file'
!   Startingwfc = 'file'
/

&IONS
  upscale           = 100.D0,
/

&CELL
  cell_dynamics     = 'bfgs'
  press_conv_thr    = 0.5d0
  cell_dofree = 'all'
/

ATOMIC_SPECIES
Zn 65.38   zn_pbesol_v1.uspp.F.UPF
O  15.999  o_pbesol_v1.2.uspp.F.UPF
Mg 24.305   mg_pbesol_v1.4.uspp.F.UPF

K_POINTS {automatic}
4 4 4 0 0 0 

CELL_PARAMETERS (angstrom)
  10.362055862  -0.006784819  -0.000333029
  -5.186891092   8.969394876   0.001856237
  -0.000400876   0.002733505   8.707385350

ATOMIC_POSITIONS (crystal)
Zn       0.223003483   0.112096782   0.253764456    1   1   0
Zn       0.222577795   0.111629974   0.752603131    1   1   0
Zn       0.222428952   0.444333791   0.250666930    1   1   0
Zn       0.222265855   0.444621265   0.755800981    1   1   0
Zn       0.223008235   0.779074527   0.252916921    1   1   0
Zn       0.222180072   0.777853214   0.752226389    1   1   0
Zn       0.555622523   0.111807455   0.253490255    1   1   0
Zn       0.555898327   0.110891651   0.754081265    1   1   0
Zn       0.555637312   0.443763069   0.252363329    1   1   0
Mg       0.556821672   0.443252315   0.752823753    1   1   0
Mg       0.556885631   0.779673823   0.256213086    1   1   0
Zn       0.555939636   0.777712197   0.751001061    1   1   0
Zn       0.888245986   0.110452019   0.252870462    1   1   0
Mg       0.887496347   0.109976901   0.753053201    1   1   0
Zn       0.887810844   0.443877936   0.252315633    1   1   0
Mg       0.887589660   0.444175253   0.751235949    1   1   0
Mg       0.887412694   0.777143338   0.251483070    1   1   0
Mg       0.886324441   0.776092924   0.752107900    1   1   0
Zn       0.111809604   0.223703224   0.502508158    1   1   0
Zn       0.112275256   0.223065238   0.002868607    1   1   0
Zn       0.112207387   0.556168956   0.502463684    1   1   0
Mg       0.112252748   0.556237928   0.002027559    1   1   0
Mg       0.112231549   0.889400919   0.502264893    1   1   0
Mg       0.113899977   0.890674289   0.003807639    1   1   0
Zn       0.445294251   0.222726185   0.503768826    1   1   0
Zn       0.444604812   0.222258516   0.001152787    1   1   0
Mg       0.443368437   0.554550631   0.504965214    1   1   0
Mg       0.444360220   0.554997143   0.003908814    1   1   0
Mg       0.444194665   0.889457482   0.500216030    1   1   0
Zn       0.444338354   0.888194286   0.001541835    1   1   0
Zn       0.777023943   0.222073971   0.505095496    1   1   0
Zn       0.777556010   0.222645042   0.001905416    1   1   0
Zn       0.776942481   0.555043803   0.504149371    1   1   0
Zn       0.777427972   0.554406901   0.002010229    1   1   0
Zn       0.776660466   0.887813034   0.502595500    1   1   0
Zn       0.776456274   0.888065106   0.003535283    1   1   0
O        0.222621949   0.111888262   0.003535506    1   1   0
O        0.222633529   0.111616312   0.502508329    1   1   0
O        0.222879038   0.445052841   0.002868399    1   1   0
O        0.222218594   0.445399741   0.502463505    1   1   0
O        0.222909374   0.778532194   0.002027785    1   1   0
O        0.222100992   0.777962031   0.502264992    1   1   0
O        0.555168097   0.110395931   0.003807334    1   1   0
O        0.555397053   0.111377127   0.503768823    1   1   0
O        0.555511536   0.444713964   0.001152997    1   1   0
O        0.554835327   0.444668046   0.504965579    1   1   0
O        0.554446029   0.776888788   0.003908655    1   1   0
O        0.554086001   0.776835426   0.500215786    1   1   0
O        0.889071975   0.111180191   0.001541877    1   1   0
O        0.888311817   0.110638666   0.505095291    1   1   0
O        0.889675045   0.444974097   0.001905449    1   1   0
O        0.889515226   0.444866972   0.504149602    1   1   0
O        0.890399387   0.778226227   0.002009968    1   1   0
O        0.889704503   0.778307614   0.502595144    1   1   0
O        0.110615667   0.222088808   0.253764604    1   1   0
O        0.110701004   0.222024283   0.752603391    1   1   0
O        0.111105834   0.555949058   0.250667155    1   1   0
O        0.110224758   0.555035362   0.755800732    1   1   0
O        0.109878282   0.888562018   0.252916528    1   1   0
O        0.109541871   0.888351765   0.752226684    1   1   0
O        0.444820562   0.222573327   0.253490648    1   1   0
O        0.444546859   0.221481321   0.754080858    1   1   0
O        0.445725443   0.556676938   0.252363309    1   1   0
O        0.445407859   0.554628143   0.752823803    1   1   0
O        0.445031560   0.889287821   0.256212833    1   1   0
O        0.444653983   0.888340424   0.751001238    1   1   0
O        0.777985216   0.221986580   0.252870411    1   1   0
O        0.777951322   0.222340643   0.753053231    1   1   0
O        0.777390123   0.555311178   0.252315815    1   1   0
O        0.777746376   0.555121055   0.751235844    1   1   0
O        0.778035323   0.888774698   0.251482883    1   1   0
O        0.777098613   0.888031059   0.752107869    1   1   0

