&control
  calculation ='scf'
  restart_mode ='from_scratch',
  prefix       ='ZnO',
  outdir='./temp'
  pseudo_dir='./GBRV_PBEsol'
  disk_io='low'
  etot_conv_thr=1.D-7,
  forc_conv_thr=1.D-6,
  verbosity    ='high',
  tprnfor=.t.
  tstress=.t.
  nstep=200
!  tefield = .true.
!  dipfield = .true.

 /
&system
  nosym = .true.,
  ibrav= 0,
  nat=  72,
  ntyp= 3,
  tot_charge = 0.0
  ecutwfc =  60,
  ecutrho = 500,
  occupations='smearing', smearing='mv', degauss=0.001,
!  eamp = 0.0
!  edir = 3
!  emaxpos = 0.1
!  eopreg = 0.05

!  input_dft='hse', nqx1=2, nqx2=2, nqx3=1,
!  x_gamma_extrapolation = .true.
!  vdw_corr = DFT-D3
/

&electrons
    mixing_mode = 'plain'
    mixing_beta = 0.5,
    conv_thr =  1.0d-8
!   Startingpot = 'file'
!   Startingwfc = 'file'
/

&IONS
  upscale           = 100.D0,
/

&CELL
  cell_dynamics     = 'bfgs'
  press_conv_thr    = 0.5d0
  cell_dofree = 'z'
/

ATOMIC_SPECIES
Zn 65.38   zn_pbesol_v1.uspp.F.UPF
O  15.999  o_pbesol_v1.2.uspp.F.UPF
Mg 24.305   mg_pbesol_v1.4.uspp.F.UPF

K_POINTS {automatic}
4 4 4 0 0 0 

CELL_PARAMETERS (angstrom)
   9.724698783   0.000056463   0.000142217
  -4.862285454   8.421506504  -0.000180300
   0.000182595  -0.000161180   9.580422713

ATOMIC_POSITIONS (crystal)
Mg       0.445184884   0.888605068   0.504851264    1   1   0
Mg       0.888968424   0.776810016   0.751310123    1   1   0
Mg       0.887505418   0.111808258   0.753567689    1   1   0
Mg       0.223768896   0.444827436   0.755197364    1   1   0
Mg       0.777403528   0.888074271   0.003847148    1   1   0
Mg       0.113083336   0.888947222   0.003957709    1   1   0
O        0.890801706   0.779325794   0.001043458    1   1   0
O        0.887116774   0.110996259   0.001572102    1   1   0
O        0.222690771   0.444200278   0.002287555    1   1   0
O        0.553461776   0.110035547   0.002931875    1   1   0
O        0.223345880   0.777515253   0.003385286    1   1   0
O        0.221031334   0.111168992   0.003450874    1   1   0
O        0.555708264   0.777317927   0.003614299    1   1   0
O        0.889331877   0.444868918   0.003847163    1   1   0
O        0.556691046   0.444488873   0.003957695    1   1   0
O        0.778969613   0.889450058   0.250681345    1   1   0
O        0.112167813   0.888990250   0.251314324    1   1   0
O        0.776179850   0.222173056   0.253157423    1   1   0
O        0.109642481   0.222359433   0.253255067    1   1   0
O        0.778432376   0.555976827   0.253283777    1   1   0
O        0.444723115   0.554998067   0.253565710    1   1   0
O        0.111387721   0.554895674   0.253589361    1   1   0
O        0.443263384   0.222096394   0.253865296    1   1   0
O        0.445289476   0.888719021   0.255787997    1   1   0
O        0.222903046   0.777749540   0.502993321    1   1   0
O        0.220603622   0.110792496   0.503001888    1   1   0
O        0.556952641   0.778142550   0.503014653    1   1   0
O        0.889897785   0.778078366   0.503602472    1   1   0
O        0.889379811   0.444359306   0.503654202    1   1   0
O        0.553729572   0.110529046   0.503662118    1   1   0
O        0.556010721   0.444073529   0.503858661    1   1   0
O        0.887246725   0.111273817   0.504021400    1   1   0
O        0.223397799   0.445149215   0.504851278    1   1   0
O        0.445445860   0.888336438   0.751310122    1   1   0
O        0.109470589   0.222964005   0.751990708    1   1   0
O        0.111336392   0.554993862   0.753032128    1   1   0
O        0.776021786   0.222242047   0.753411856    1   1   0
O        0.778053292   0.555282357   0.753466555    1   1   0
O        0.445625577   0.555724193   0.753567638    1   1   0
O        0.442030529   0.221778000   0.753841928    1   1   0
O        0.111644041   0.888864309   0.755118219    1   1   0
O        0.780122535   0.889966902   0.755197380    1   1   0
Zn       0.889783400   0.777686152   0.250681355    1   1   0
Zn       0.887828100   0.112246122   0.251314354    1   1   0
Zn       0.222845754   0.444388728   0.253157389    1   1   0
Zn       0.553973387   0.110951929   0.253255083    1   1   0
Zn       0.222998055   0.776866557   0.253283783    1   1   0
Zn       0.555906941   0.777069244   0.253565679    1   1   0
Zn       0.221227208   0.111952932   0.253589386    1   1   0
Zn       0.889341077   0.444398905   0.253865269    1   1   0
Zn       0.556195396   0.444107159   0.255788001    1   1   0
Zn       0.778326933   0.888847576   0.502993344    1   1   0
Zn       0.112625455   0.888720267   0.503001841    1   1   0
Zn       0.778129212   0.555003353   0.503014639    1   1   0
Zn       0.109972877   0.222600977   0.503602496    1   1   0
Zn       0.775141882   0.222487459   0.503654261    1   1   0
Zn       0.446186028   0.556347144   0.503662089    1   1   0
Zn       0.111171347   0.555814461   0.503858686    1   1   0
Zn       0.443275794   0.221773224   0.504021376    1   1   0
Zn       0.222025536   0.777178345   0.751990636    1   1   0
Zn       0.558520272   0.777563116   0.753032136    1   1   0
Zn       0.554204172   0.111986477   0.753411830    1   1   0
Zn       0.219474757   0.111404626   0.753466619    1   1   0
Zn       0.556553472   0.444270700   0.753841905    1   1   0
Zn       0.888747081   0.444306383   0.755118232    1   1   0
Zn       0.444637256   0.887386346   0.001043446    1   1   0
Zn       0.109656068   0.221535935   0.001572096    1   1   0
Zn       0.111735367   0.556014233   0.002287555    1   1   0
Zn       0.776061936   0.222717557   0.002931875    1   1   0
Zn       0.445537749   0.555605475   0.003385280    1   1   0
Zn       0.779040595   0.557356935   0.003450874    1   1   0
Zn       0.442854824   0.222462819   0.003614335    1   1   0

