&control
  calculation ='scf'
  restart_mode ='from_scratch',
  prefix       ='ZnO',
  outdir='./temp'
  pseudo_dir='./GBRV_PBEsol'
  disk_io='low'
  etot_conv_thr=1.D-7,
  forc_conv_thr=1.D-6,
  verbosity    ='high',
  tprnfor=.t.
  tstress=.t.
  nstep=200
!  tefield = .true.
!  dipfield = .true.

 /
&system
  nosym = .true.,
  ibrav= 0,
  nat=  72,
  ntyp= 3,
  tot_charge = 0.0
  ecutwfc =  60,
  ecutrho = 500,
  occupations='smearing', smearing='mv', degauss=0.001,
!  eamp = 0.0
!  edir = 3
!  emaxpos = 0.1
!  eopreg = 0.05

!  input_dft='hse', nqx1=2, nqx2=2, nqx3=1,
!  x_gamma_extrapolation = .true.
!  vdw_corr = DFT-D3
/

&electrons
    mixing_mode = 'plain'
    mixing_beta = 0.5,
    conv_thr =  1.0d-8
!   Startingpot = 'file'
!   Startingwfc = 'file'
/

&IONS
  upscale           = 100.D0,
/

&CELL
  cell_dynamics     = 'bfgs'
  press_conv_thr    = 0.5d0
  cell_dofree = 'all'
/

ATOMIC_SPECIES
Zn 65.38   zn_pbesol_v1.uspp.F.UPF
O  15.999  o_pbesol_v1.2.uspp.F.UPF
Mg 24.305   mg_pbesol_v1.4.uspp.F.UPF

K_POINTS {automatic}
4 4 4 0 0 0 

CELL_PARAMETERS (angstrom)
  10.369061228   0.003149760  -0.002800250
  -5.181787438   8.982212239   0.002525204
  -0.003924371   0.002099718   8.673637273

ATOMIC_POSITIONS (crystal)
Zn       0.222739444   0.111432538   0.253032937    1   1   0
Zn       0.222462197   0.111466434   0.752647212    1   1   0
Zn       0.223211970   0.444348026   0.253297060    1   1   0
Zn       0.222259491   0.445279887   0.751337667    1   1   0
Zn       0.222230152   0.778638655   0.251621735    1   1   0
Mg       0.224500182   0.778475108   0.755687894    1   1   0
Zn       0.555314461   0.111283100   0.251513932    1   1   0
Zn       0.556599133   0.110803068   0.754665573    1   1   0
Mg       0.556040453   0.444361734   0.254915222    1   1   0
Mg       0.555938369   0.445114760   0.750411889    1   1   0
Mg       0.553737438   0.777182489   0.252925005    1   1   0
Zn       0.555362400   0.777551513   0.753054759    1   1   0
Mg       0.890444376   0.112194470   0.253587373    1   1   0
Mg       0.889868689   0.112066531   0.750532660    1   1   0
Zn       0.888376232   0.444988443   0.252848277    1   1   0
Mg       0.888922835   0.445311482   0.752854181    1   1   0
Zn       0.888083741   0.777292431   0.252222677    1   1   0
Zn       0.888564592   0.777153488   0.751709188    1   1   0
Zn       0.110787620   0.222826632   0.503060333    1   1   0
Zn       0.111951718   0.222170615   0.003095455    1   1   0
Mg       0.110637568   0.555600783   0.502458841    1   1   0
Zn       0.111880847   0.555748235   0.001072342    1   1   0
Zn       0.111607470   0.888126495   0.504837224    1   1   0
Mg       0.109394105   0.888899694   0.002810033    1   1   0
Zn       0.444095352   0.220695230   0.503024990    1   1   0
Mg       0.443226361   0.220852478   0.003163405    1   1   0
Mg       0.442074438   0.555419097   0.502879576    1   1   0
Zn       0.444368599   0.555081855   0.004675646    1   1   0
Zn       0.444371231   0.889406017   0.499455380    1   1   0
Zn       0.445067613   0.888268228   0.001422872    1   1   0
Mg       0.776165506   0.222865746   0.502341848    1   1   0
Zn       0.778639655   0.221796396   0.000392979    1   1   0
Zn       0.779148069   0.555413443   0.505793880    1   1   0
Zn       0.777279056   0.556542282   0.003114390    1   1   0
Mg       0.777511953   0.887907290   0.502371577    1   1   0
Mg       0.777208548   0.887066407   0.003105467    1   1   0
O        0.221952257   0.110450160   0.003104959    1   1   0
O        0.221790282   0.110643927   0.503060158    1   1   0
O        0.222615431   0.444590852   0.003095365    1   1   0
O        0.221103341   0.444579788   0.502458383    1   1   0
O        0.222147469   0.778566335   0.001072222    1   1   0
O        0.222260657   0.777266189   0.504837612    1   1   0
O        0.556125348   0.111005547   0.002810025    1   1   0
O        0.555200156   0.110990612   0.503024813    1   1   0
O        0.554589320   0.443078414   0.003163941    1   1   0
O        0.554758616   0.444642958   0.502879646    1   1   0
O        0.555816798   0.776936714   0.004675272    1   1   0
O        0.555581389   0.777365841   0.499454913    1   1   0
O        0.888703068   0.109450096   0.001423252    1   1   0
O        0.887131721   0.110492034   0.502341957    1   1   0
O        0.888928038   0.444519660   0.000392927    1   1   0
O        0.889333744   0.444118007   0.505794402    1   1   0
O        0.888357408   0.777661000   0.003114308    1   1   0
O        0.889313962   0.777810217   0.502371401    1   1   0
O        0.111467297   0.222391875   0.253032911    1   1   0
O        0.111523568   0.222897130   0.752647314    1   1   0
O        0.110990186   0.555909852   0.253296901    1   1   0
O        0.111086656   0.556566019   0.751337622    1   1   0
O        0.110727688   0.888912467   0.251622117    1   1   0
O        0.111452900   0.888389916   0.755687593    1   1   0
O        0.444883271   0.222893980   0.251514180    1   1   0
O        0.445286439   0.222872824   0.754664869    1   1   0
O        0.445315910   0.555543797   0.254914854    1   1   0
O        0.444771547   0.555745528   0.750412323    1   1   0
O        0.443823411   0.889086626   0.252925153    1   1   0
O        0.445763795   0.889067659   0.753054726    1   1   0
O        0.778473569   0.222589956   0.253587229    1   1   0
O        0.779110173   0.223152613   0.750532876    1   1   0
O        0.777494366   0.555270946   0.252848472    1   1   0
O        0.777195597   0.555457197   0.752854382    1   1   0
O        0.776793055   0.889745439   0.252222308    1   1   0
O        0.778059706   0.889706740   0.751709242    1   1   0

