&control
  calculation ='relax'
  restart_mode ='from_scratch',
  prefix       ='ZnO',
  outdir='./temp'
  pseudo_dir='./GBRV_PBEsol'
  disk_io='low'
  etot_conv_thr=1.D-7,
  forc_conv_thr=1.D-6,
  verbosity    ='high',
  tprnfor=.t.
  tstress=.t.
  nstep=200
!  tefield = .true.
!  dipfield = .true.

 /
&system
  nosym = .true.,
  ibrav= 0,
  nat=  72,
  ntyp= 3,
  tot_charge = 0.0
  ecutwfc =  60,
  ecutrho = 500,
  occupations='smearing', smearing='mv', degauss=0.001,
!  eamp = 0.0
!  edir = 3
!  emaxpos = 0.1
!  eopreg = 0.05

!  input_dft='hse', nqx1=2, nqx2=2, nqx3=1,
!  x_gamma_extrapolation = .true.
!  vdw_corr = DFT-D3
/

&electrons
    mixing_mode = 'plain'
    mixing_beta = 0.5,
    conv_thr =  1.0d-8
!   Startingpot = 'file'
!   Startingwfc = 'file'
/

&IONS
  upscale           = 100.D0,
/

&CELL
  cell_dynamics     = 'bfgs'
  press_conv_thr    = 0.5d0
  cell_dofree = 'z'
/

ATOMIC_SPECIES
Zn 65.38   zn_pbesol_v1.uspp.F.UPF
O  15.999  o_pbesol_v1.2.uspp.F.UPF
Mg 24.305   mg_pbesol_v1.4.uspp.F.UPF

K_POINTS {automatic}
4 4 4 0 0 0 

CELL_PARAMETERS (angstrom)
   9.734857490  -0.011377777  -0.001978887
  -4.877266184   8.443328129   0.001698599
  -0.002584960   0.001066097   9.450417583

ATOMIC_POSITIONS (crystal)
Zn       0.226449681   0.113245507   0.251443060    1   1   0
Zn       0.227774652   0.114596314   0.755669578    1   1   0
Zn       0.221838349   0.443558226   0.253443822    1   1   0
Zn       0.222649274   0.444064550   0.752438457    1   1   0
Zn       0.219286445   0.776371254   0.251450926    1   1   0
Zn       0.220603910   0.776455537   0.754272642    1   1   0
Zn       0.553737684   0.109556067   0.253263490    1   1   0
Mg       0.554763485   0.110084029   0.752590853    1   1   0
Zn       0.558009374   0.448428965   0.252652024    1   1   0
Mg       0.557896382   0.447988144   0.753470604    1   1   0
Mg       0.552636252   0.777790301   0.253036891    1   1   0
Zn       0.552669286   0.777655560   0.753416757    1   1   0
Zn       0.887268371   0.107520649   0.252965919    1   1   0
Zn       0.889167952   0.110317267   0.753079677    1   1   0
Mg       0.884295023   0.439829368   0.251847122    1   1   0
Zn       0.885453002   0.441266034   0.752744868    1   1   0
Mg       0.889456522   0.778687579   0.255988669    1   1   0
Zn       0.890123777   0.778638752   0.750184621    1   1   0
Zn       0.112028186   0.222105513   0.502605677    1   1   0
Mg       0.112491978   0.222024276   0.002728663    1   1   0
Mg       0.110233176   0.554271736   0.502686019    1   1   0
Mg       0.111238780   0.554472182   0.002330648    1   1   0
Zn       0.113750783   0.891668760   0.502738855    1   1   0
Mg       0.114087927   0.891798214   0.001867781    1   1   0
Zn       0.447449339   0.225602304   0.505450161    1   1   0
Zn       0.447047942   0.225355292   0.001692431    1   1   0
Zn       0.443305706   0.556157927   0.505313453    1   1   0
Zn       0.442103567   0.554707505   0.004787931    1   1   0
Zn       0.440533279   0.887466746   0.501569159    1   1   0
Zn       0.440774451   0.887748868   0.002665653    1   1   0
Zn       0.777970083   0.220181603   0.503488816    1   1   0
Zn       0.777642599   0.219214047   0.004171054    1   1   0
Zn       0.780901264   0.556964602   0.501005158    1   1   0
Zn       0.781345281   0.558021266   0.004196366    1   1   0
Mg       0.776683844   0.888912907   0.501089584    1   1   0
Zn       0.776529705   0.887215491   0.003137793    1   1   0
O        0.225164621   0.113152208   0.003138151    1   1   0
O        0.224851354   0.113233960   0.502605651    1   1   0
O        0.220759455   0.443343310   0.002728600    1   1   0
O        0.221312725   0.443720490   0.502686087    1   1   0
O        0.219023294   0.775462075   0.002330316    1   1   0
O        0.218763788   0.775642222   0.502738722    1   1   0
O        0.554792361   0.110447407   0.001867761    1   1   0
O        0.554760366   0.110307401   0.505450352    1   1   0
O        0.558116410   0.447952526   0.001692170    1   1   0
O        0.557794305   0.448059700   0.505313923    1   1   0
O        0.554134699   0.778051518   0.004787448    1   1   0
O        0.554082472   0.778554399   0.501569000    1   1   0
O        0.889446360   0.109152217   0.002666860    1   1   0
O        0.890101334   0.110689172   0.503488705    1   1   0
O        0.888103168   0.442183888   0.004170624    1   1   0
O        0.887819457   0.442350728   0.501004715    1   1   0
O        0.891136504   0.780197429   0.004196321    1   1   0
O        0.890259666   0.779735211   0.501089546    1   1   0
O        0.110677987   0.220710087   0.251443061    1   1   0
O        0.111909761   0.221418228   0.755669114    1   1   0
O        0.108012594   0.553051781   0.253443589    1   1   0
O        0.109108807   0.553577357   0.752438279    1   1   0
O        0.111824722   0.890973733   0.251451229    1   1   0
O        0.112761667   0.891510547   0.754272436    1   1   0
O        0.448597011   0.226167343   0.253263604    1   1   0
O        0.449234893   0.226183716   0.752591096    1   1   0
O        0.443799872   0.555649422   0.252652001    1   1   0
O        0.444504344   0.556263237   0.753470505    1   1   0
O        0.441442754   0.888208449   0.253036884    1   1   0
O        0.442535810   0.888458125   0.753416659    1   1   0
O        0.776105418   0.218298957   0.252965894    1   1   0
O        0.777327055   0.220100174   0.753079821    1   1   0
O        0.779993416   0.556898174   0.251847393    1   1   0
O        0.780500481   0.557413333   0.752745187    1   1   0
O        0.774912131   0.885747457   0.255988199    1   1   0
O        0.776131627   0.887190666   0.750184958    1   1   0

