&control
  calculation ='relax'
  restart_mode ='from_scratch',
  prefix       ='ZnO',
  outdir='./temp'
  pseudo_dir='./GBRV_PBEsol'
  disk_io='low'
  etot_conv_thr=1.D-7,
  forc_conv_thr=1.D-6,
  verbosity    ='high',
  tprnfor=.t.
  tstress=.t.
  nstep=200
!  tefield = .true.
!  dipfield = .true.

 /
&system
  nosym = .true.,
  ibrav= 0,
  nat=  72,
  ntyp= 3,
  tot_charge = 0.0
  ecutwfc =  60,
  ecutrho = 500,
  occupations='smearing', smearing='mv', degauss=0.001,
!  eamp = 0.0
!  edir = 3
!  emaxpos = 0.1
!  eopreg = 0.05

!  input_dft='hse', nqx1=2, nqx2=2, nqx3=1,
!  x_gamma_extrapolation = .true.
!  vdw_corr = DFT-D3
/

&electrons
    mixing_mode = 'plain'
    mixing_beta = 0.5,
    conv_thr =  1.0d-8
!   Startingpot = 'file'
!   Startingwfc = 'file'
/

&IONS
  upscale           = 100.D0,
/

&CELL
  cell_dynamics     = 'bfgs'
  press_conv_thr    = 0.5d0
  cell_dofree = 'all'
/

ATOMIC_SPECIES
Zn 65.38   zn_pbesol_v1.uspp.F.UPF
O  15.999  o_pbesol_v1.2.uspp.F.UPF
Mg 24.305   mg_pbesol_v1.4.uspp.F.UPF

K_POINTS {automatic}
4 4 4 0 0 0 

CELL_PARAMETERS (angstrom)
  10.369061228   0.003149760  -0.002800250
  -5.181787438   8.982212239   0.002525204
  -0.003924371   0.002099718   8.673637273

ATOMIC_POSITIONS (crystal)
Zn       0.222739898   0.111432975   0.253032937    1   1   0
Zn       0.222461605   0.111465811   0.752647212    1   1   0
Zn       0.223214154   0.444348559   0.253297061    1   1   0
Zn       0.222259122   0.445279721   0.751337667    1   1   0
Zn       0.222231532   0.778639391   0.251621735    1   1   0
Mg       0.224499840   0.778475018   0.755687894    1   1   0
Zn       0.555314575   0.111284379   0.251513932    1   1   0
Zn       0.556597823   0.110804215   0.754665572    1   1   0
Mg       0.556041954   0.444363632   0.254915222    1   1   0
Mg       0.555939325   0.445115925   0.750411889    1   1   0
Mg       0.553738688   0.777183574   0.252925005    1   1   0
Zn       0.555360422   0.777551458   0.753054758    1   1   0
Mg       0.890444738   0.112194672   0.253587373    1   1   0
Mg       0.889868649   0.112065203   0.750532660    1   1   0
Zn       0.888376613   0.444988777   0.252848277    1   1   0
Mg       0.888922737   0.445311288   0.752854181    1   1   0
Zn       0.888083678   0.777291515   0.252222677    1   1   0
Zn       0.888564933   0.777150919   0.751709189    1   1   0
Zn       0.110787699   0.222826995   0.503060333    1   1   0
Zn       0.111952660   0.222171299   0.003095455    1   1   0
Mg       0.110637039   0.555598783   0.502458841    1   1   0
Zn       0.111881077   0.555749100   0.001072342    1   1   0
Zn       0.111606917   0.888123988   0.504837225    1   1   0
Mg       0.109393168   0.888900427   0.002810032    1   1   0
Zn       0.444094838   0.220694299   0.503024990    1   1   0
Mg       0.443225132   0.220852911   0.003163404    1   1   0
Mg       0.442074076   0.555418995   0.502879576    1   1   0
Zn       0.444367751   0.555083412   0.004675645    1   1   0
Zn       0.444370343   0.889405091   0.499455380    1   1   0
Zn       0.445066932   0.888270003   0.001422871    1   1   0
Mg       0.776165728   0.222865354   0.502341848    1   1   0
Zn       0.778637875   0.221796169   0.000392978    1   1   0
Zn       0.779149178   0.555412297   0.505793881    1   1   0
Zn       0.777280197   0.556543462   0.003114390    1   1   0
Mg       0.777511752   0.887905746   0.502371577    1   1   0
Mg       0.777208463   0.887065247   0.003105467    1   1   0
O        0.221952181   0.110450380   0.003104959    1   1   0
O        0.221789138   0.110642803   0.503060158    1   1   0
O        0.222615045   0.444590859   0.003095365    1   1   0
O        0.221104193   0.444579452   0.502458383    1   1   0
O        0.222147746   0.778568328   0.001072222    1   1   0
O        0.222260696   0.777264000   0.504837613    1   1   0
O        0.556123940   0.111006713   0.002810024    1   1   0
O        0.555201788   0.110990649   0.503024814    1   1   0
O        0.554590189   0.443080105   0.003163941    1   1   0
O        0.554759536   0.444644443   0.502879646    1   1   0
O        0.555817665   0.776939520   0.004675271    1   1   0
O        0.555581474   0.777365375   0.499454913    1   1   0
O        0.888702986   0.109449335   0.001423252    1   1   0
O        0.887131242   0.110491171   0.502341957    1   1   0
O        0.888927625   0.444520002   0.000392927    1   1   0
O        0.889333784   0.444116584   0.505794402    1   1   0
O        0.888357488   0.777661453   0.003114308    1   1   0
O        0.889313313   0.777808880   0.502371401    1   1   0
O        0.111466802   0.222392627   0.253032911    1   1   0
O        0.111522580   0.222896322   0.752647314    1   1   0
O        0.110990797   0.555908436   0.253296902    1   1   0
O        0.111085581   0.556566054   0.751337622    1   1   0
O        0.110726673   0.888912041   0.251622117    1   1   0
O        0.111452869   0.888389324   0.755687593    1   1   0
O        0.444884197   0.222895512   0.251514180    1   1   0
O        0.445285858   0.222873818   0.754664869    1   1   0
O        0.445316991   0.555546007   0.254914854    1   1   0
O        0.444770637   0.555745053   0.750412323    1   1   0
O        0.443826062   0.889087377   0.252925154    1   1   0
O        0.445762383   0.889068495   0.753054725    1   1   0
O        0.778473788   0.222589684   0.253587229    1   1   0
O        0.779110114   0.223151897   0.750532876    1   1   0
O        0.777495287   0.555271205   0.252848472    1   1   0
O        0.777195877   0.555455819   0.752854382    1   1   0
O        0.776792837   0.889744949   0.252222308    1   1   0
O        0.778059531   0.889704719   0.751709243    1   1   0

