&control
  calculation ='relax'
  restart_mode ='from_scratch',
  prefix       ='ZnO',
  outdir='./temp'
  pseudo_dir='./GBRV_PBEsol'
  disk_io='low'
  etot_conv_thr=1.D-7,
  forc_conv_thr=1.D-6,
  verbosity    ='high',
  tprnfor=.t.
  tstress=.t.
  nstep=200
!  tefield = .true.
!  dipfield = .true.

 /
&system
  nosym = .true.,
  ibrav= 0,
  nat=  72,
  ntyp= 3,
  tot_charge = 0.0
  ecutwfc =  60,
  ecutrho = 500,
  occupations='smearing', smearing='mv', degauss=0.001,
!  eamp = 0.0
!  edir = 3
!  emaxpos = 0.1
!  eopreg = 0.05

!  input_dft='hse', nqx1=2, nqx2=2, nqx3=1,
!  x_gamma_extrapolation = .true.
!  vdw_corr = DFT-D3
/

&electrons
    mixing_mode = 'plain'
    mixing_beta = 0.5,
    conv_thr =  1.0d-8
!   Startingpot = 'file'
!   Startingwfc = 'file'
/

&IONS
  upscale           = 100.D0,
/

&CELL
  cell_dynamics     = 'bfgs'
  press_conv_thr    = 0.5d0
  cell_dofree = 'all'
/

ATOMIC_SPECIES
Zn 65.38   zn_pbesol_v1.uspp.F.UPF
O  15.999  o_pbesol_v1.2.uspp.F.UPF
Mg 24.305   mg_pbesol_v1.4.uspp.F.UPF

K_POINTS {automatic}
4 4 4 0 0 0 

CELL_PARAMETERS (angstrom)
  10.319994121   0.003596197   0.000042253
  -5.156866417   8.939316508   0.001690848
  -0.000149028   0.002706023   8.792185230

ATOMIC_POSITIONS (crystal)
Zn       0.222617416   0.111021109   0.255383916    1   1   0
Zn       0.222750716   0.109793869   0.751431959    1   1   0
Zn       0.222491075   0.444881843   0.253510403    1   1   0
Zn       0.222074375   0.444799925   0.753363513    1   1   0
Zn       0.222990783   0.778202990   0.253220448    1   1   0
Zn       0.222542345   0.777919707   0.754034399    1   1   0
Zn       0.554901375   0.111220630   0.253090058    1   1   0
Zn       0.554765714   0.109963045   0.753893598    1   1   0
Zn       0.555395733   0.444736091   0.252597536    1   1   0
Mg       0.557101533   0.442977804   0.752371771    1   1   0
Mg       0.557025690   0.780271113   0.253769413    1   1   0
Zn       0.555646074   0.778123391   0.753574177    1   1   0
Zn       0.888655764   0.110561667   0.251466488    1   1   0
Zn       0.887712319   0.110355959   0.754431924    1   1   0
Mg       0.889441515   0.445896841   0.252713938    1   1   0
Zn       0.888660615   0.445174957   0.752287375    1   1   0
Zn       0.888824327   0.778670553   0.253124988    1   1   0
Mg       0.889576807   0.777371022   0.752842405    1   1   0
Mg       0.109972998   0.222225332   0.503115735    1   1   0
Zn       0.110809085   0.221666091   0.002306361    1   1   0
Zn       0.112064797   0.555224550   0.502510313    1   1   0
Zn       0.110358469   0.554867926   0.003817236    1   1   0
Zn       0.112230138   0.889007488   0.504110573    1   1   0
Zn       0.111837003   0.889472717   0.003520437    1   1   0
Zn       0.444652611   0.221808993   0.503595686    1   1   0
Zn       0.443987586   0.221384159   0.000682707    1   1   0
Mg       0.443300860   0.555688058   0.504513605    1   1   0
Mg       0.443498424   0.554984203   0.004405903    1   1   0
Zn       0.444867916   0.889412463   0.501219763    1   1   0
Zn       0.444480666   0.889480371   0.002728737    1   1   0
Zn       0.777418784   0.221338140   0.503338888    1   1   0
Mg       0.777064479   0.221432998   0.005697558    1   1   0
Zn       0.777165917   0.555315747   0.500959864    1   1   0
Zn       0.777775620   0.554982626   0.001949804    1   1   0
Zn       0.777365690   0.890349176   0.505049958    1   1   0
Zn       0.778016270   0.889286937   0.003710401    1   1   0
O        0.222017359   0.111306673   0.003710406    1   1   0
O        0.222250958   0.111254963   0.503115768    1   1   0
O        0.221650788   0.443657052   0.002306466    1   1   0
O        0.222282943   0.444035657   0.502510243    1   1   0
O        0.222249693   0.777312997   0.003817297    1   1   0
O        0.222620609   0.777575883   0.504110708    1   1   0
O        0.555360362   0.110855101   0.003520492    1   1   0
O        0.555827272   0.111280032   0.503595491    1   1   0
O        0.555221273   0.444397242   0.000682921    1   1   0
O        0.554679209   0.444405295   0.504513716    1   1   0
O        0.555321833   0.777373256   0.004405541    1   1   0
O        0.555258847   0.777410568   0.501219626    1   1   0
O        0.889042296   0.111153147   0.002728825    1   1   0
O        0.888380850   0.111363551   0.503339004    1   1   0
O        0.888363854   0.443620756   0.005697239    1   1   0
O        0.888863206   0.444173329   0.500959762    1   1   0
O        0.888943521   0.777595376   0.001949929    1   1   0
O        0.889141628   0.778374143   0.505049998    1   1   0
O        0.111049306   0.222404502   0.255383878    1   1   0
O        0.111004245   0.221619124   0.751432029    1   1   0
O        0.111655388   0.556109943   0.253510385    1   1   0
O        0.110535431   0.555331871   0.753363257    1   1   0
O        0.110925047   0.888659765   0.253220537    1   1   0
O        0.111376913   0.888617667   0.754034313    1   1   0
O        0.444753689   0.223169833   0.253090249    1   1   0
O        0.444297664   0.221374394   0.753893465    1   1   0
O        0.445303859   0.557304236   0.252597407    1   1   0
O        0.445388039   0.555013287   0.752371921    1   1   0
O        0.444662898   0.889683739   0.253769523    1   1   0
O        0.444511474   0.888316685   0.753574316    1   1   0
O        0.777926605   0.222836458   0.251466301    1   1   0
O        0.777561306   0.222767656   0.754431934    1   1   0
O        0.777337320   0.556436376   0.252713893    1   1   0
O        0.778351532   0.555649414   0.752287492    1   1   0
O        0.778392868   0.889481364   0.253124951    1   1   0
O        0.777448422   0.888208180   0.752842344    1   1   0

