&control
  calculation ='relax'
  restart_mode ='from_scratch',
  prefix       ='ZnO',
  outdir='./temp'
  pseudo_dir='./GBRV_PBEsol'
  disk_io='low'
  etot_conv_thr=1.D-7,
  forc_conv_thr=1.D-6,
  verbosity    ='high',
  tprnfor=.t.
  tstress=.t.
  nstep=200
!  tefield = .true.
!  dipfield = .true.

 /
&system
  nosym = .true.,
  ibrav= 0,
  nat=  72,
  ntyp= 3,
  tot_charge = 0.0
  ecutwfc =  60,
  ecutrho = 500,
  occupations='smearing', smearing='mv', degauss=0.001,
!  eamp = 0.0
!  edir = 3
!  emaxpos = 0.1
!  eopreg = 0.05

!  input_dft='hse', nqx1=2, nqx2=2, nqx3=1,
!  x_gamma_extrapolation = .true.
!  vdw_corr = DFT-D3
/

&electrons
    mixing_mode = 'plain'
    mixing_beta = 0.5,
    conv_thr =  1.0d-8
!   Startingpot = 'file'
!   Startingwfc = 'file'
/

&IONS
  upscale           = 100.D0,
/

&CELL
  cell_dynamics     = 'bfgs'
  press_conv_thr    = 0.5d0
  cell_dofree = 'z'
/

ATOMIC_SPECIES
Zn 65.38   zn_pbesol_v1.uspp.F.UPF
O  15.999  o_pbesol_v1.2.uspp.F.UPF
Mg 24.305   mg_pbesol_v1.4.uspp.F.UPF

K_POINTS {automatic}
4 4 4 0 0 0 

CELL_PARAMETERS (angstrom)
   9.727221948   0.004474116  -0.000125680
  -4.859720513   8.425856334   0.001653513
  -0.000166011   0.002370583   9.519672602

ATOMIC_POSITIONS (crystal)
Zn       0.221801616   0.109422415   0.255384254    1   1   0
Zn       0.222008855   0.108492672   0.751432193    1   1   0
Zn       0.222241472   0.443800390   0.253510579    1   1   0
Zn       0.221921790   0.443443327   0.753363760    1   1   0
Zn       0.223960135   0.777043556   0.253220703    1   1   0
Zn       0.223350040   0.776821936   0.754034608    1   1   0
Zn       0.554773496   0.111781471   0.253089980    1   1   0
Zn       0.554326044   0.110113749   0.753893515    1   1   0
Zn       0.555472119   0.444960123   0.252597508    1   1   0
Mg       0.556517270   0.442834872   0.752371811    1   1   0
Mg       0.557602775   0.780401883   0.253769413    1   1   0
Zn       0.556898726   0.777998271   0.753574260    1   1   0
Zn       0.887958878   0.111839715   0.251466170    1   1   0
Zn       0.887185631   0.111248300   0.754431793    1   1   0
Mg       0.889464670   0.447106439   0.252713717    1   1   0
Zn       0.888651133   0.446850615   0.752287006    1   1   0
Zn       0.889540350   0.779460849   0.253124844    1   1   0
Mg       0.890318575   0.778375490   0.752842225    1   1   0
Mg       0.109424689   0.220924205   0.503115973    1   1   0
Zn       0.110064474   0.220605603   0.002306517    1   1   0
Zn       0.112115338   0.553832915   0.502510618    1   1   0
Zn       0.110312053   0.553788514   0.003817502    1   1   0
Zn       0.112939609   0.887864210   0.504110821    1   1   0
Zn       0.112562505   0.888085074   0.003520710    1   1   0
Zn       0.443239161   0.221842178   0.503595616    1   1   0
Zn       0.443480870   0.221417365   0.000682706    1   1   0
Mg       0.443170148   0.555790222   0.504513539    1   1   0
Mg       0.443120562   0.554976244   0.004405907    1   1   0
Zn       0.445641023   0.889783908   0.501219740    1   1   0
Zn       0.445391180   0.889708758   0.002728688    1   1   0
Zn       0.777012337   0.222819370   0.503338611    1   1   0
Mg       0.776808188   0.222556930   0.005697340    1   1   0
Zn       0.776760056   0.556386099   0.500959687    1   1   0
Zn       0.777200710   0.555801239   0.001949588    1   1   0
Zn       0.778198239   0.891290499   0.505049734    1   1   0
Zn       0.778596511   0.890331060   0.003710223    1   1   0
O        0.221358029   0.110122439   0.003710623    1   1   0
O        0.221139453   0.109942207   0.503116056    1   1   0
O        0.221489604   0.442612182   0.002306585    1   1   0
O        0.222198588   0.442527797   0.502510491    1   1   0
O        0.222992646   0.776200403   0.003817541    1   1   0
O        0.223225003   0.776285535   0.504110937    1   1   0
O        0.555133907   0.111152343   0.003520396    1   1   0
O        0.555306917   0.111756887   0.503595363    1   1   0
O        0.554716785   0.444312693   0.000682968    1   1   0
O        0.554489168   0.444489521   0.504513749    1   1   0
O        0.555893432   0.777149332   0.004405594    1   1   0
O        0.555984920   0.777473388   0.501219654    1   1   0
O        0.888458756   0.112086212   0.002728675    1   1   0
O        0.887913970   0.112492100   0.503338752    1   1   0
O        0.888309548   0.444753560   0.005697040    1   1   0
O        0.888946589   0.445622856   0.500959448    1   1   0
O        0.889633952   0.778485227   0.001949759    1   1   0
O        0.889749622   0.779249948   0.505049844    1   1   0
O        0.110717028   0.221299356   0.255384093    1   1   0
O        0.110446797   0.220497534   0.751432218    1   1   0
O        0.111405764   0.555072225   0.253510657    1   1   0
O        0.110606056   0.554246937   0.753363484    1   1   0
O        0.111512803   0.887339089   0.253220789    1   1   0
O        0.111874511   0.887220947   0.754034639    1   1   0
O        0.443953788   0.223387399   0.253090169    1   1   0
O        0.443609903   0.221380193   0.753893459    1   1   0
O        0.445123142   0.557476640   0.252597361    1   1   0
O        0.445065004   0.554979935   0.752371883    1   1   0
O        0.445552954   0.890215469   0.253769394    1   1   0
O        0.445411291   0.888220944   0.753574354    1   1   0
O        0.777714213   0.224352462   0.251466017    1   1   0
O        0.777420797   0.224066134   0.754431683    1   1   0
O        0.777211005   0.557297549   0.252713681    1   1   0
O        0.777714757   0.556824680   0.752287306    1   1   0
O        0.779132502   0.890381048   0.253124838    1   1   0
O        0.778555571   0.889226368   0.752842110    1   1   0

