&control
  calculation ='scf'
  restart_mode ='from_scratch',
  prefix       ='ZnO',
  outdir='./temp'
  pseudo_dir='./GBRV_PBEsol'
  disk_io='low'
  etot_conv_thr=1.D-7,
  forc_conv_thr=1.D-6,
  verbosity    ='high',
  tprnfor=.t.
  tstress=.t.
  nstep=200
!  tefield = .true.
!  dipfield = .true.

 /
&system
  nosym = .true.,
  ibrav= 0,
  nat=  72,
  ntyp= 3,
  tot_charge = 0.0
  ecutwfc =  60,
  ecutrho = 500,
  occupations='smearing', smearing='mv', degauss=0.001,
!  eamp = 0.0
!  edir = 3
!  emaxpos = 0.1
!  eopreg = 0.05

!  input_dft='hse', nqx1=2, nqx2=2, nqx3=1,
!  x_gamma_extrapolation = .true.
!  vdw_corr = DFT-D3
/

&electrons
    mixing_mode = 'plain'
    mixing_beta = 0.5,
    conv_thr =  1.0d-8
!   Startingpot = 'file'
!   Startingwfc = 'file'
/

&IONS
  upscale           = 100.D0,
/

&CELL
  cell_dynamics     = 'bfgs'
  press_conv_thr    = 0.5d0
  cell_dofree = 'all'
/

ATOMIC_SPECIES
Zn 65.38   zn_pbesol_v1.uspp.F.UPF
O  15.999  o_pbesol_v1.2.uspp.F.UPF
Mg 24.305   mg_pbesol_v1.4.uspp.F.UPF

K_POINTS {automatic}
4 4 4 0 0 0 

CELL_PARAMETERS (angstrom)
  10.362055862  -0.006784819  -0.000333029
  -5.186891092   8.969394876   0.001856237
  -0.000400876   0.002733505   8.707385350

ATOMIC_POSITIONS (crystal)
Zn       0.223003961   0.112096134   0.253764456    1   1   0
Zn       0.222576727   0.111629354   0.752603131    1   1   0
Zn       0.222427764   0.444331106   0.250666931    1   1   0
Zn       0.222264504   0.444620144   0.755800981    1   1   0
Zn       0.223007238   0.779071773   0.252916922    1   1   0
Zn       0.222180518   0.777851927   0.752226389    1   1   0
Zn       0.555620114   0.111806551   0.253490255    1   1   0
Zn       0.555897498   0.110892213   0.754081265    1   1   0
Zn       0.555638599   0.443764802   0.252363329    1   1   0
Mg       0.556822031   0.443252845   0.752823753    1   1   0
Mg       0.556885389   0.779674196   0.256213086    1   1   0
Zn       0.555940441   0.777713748   0.751001061    1   1   0
Zn       0.888244242   0.110449249   0.252870463    1   1   0
Mg       0.887495702   0.109976222   0.753053201    1   1   0
Zn       0.887810131   0.443877512   0.252315633    1   1   0
Mg       0.887589426   0.444176847   0.751235949    1   1   0
Mg       0.887412566   0.777143012   0.251483070    1   1   0
Mg       0.886324823   0.776093474   0.752107900    1   1   0
Zn       0.111809177   0.223702378   0.502508158    1   1   0
Zn       0.112275809   0.223065199   0.002868607    1   1   0
Zn       0.112209179   0.556168936   0.502463684    1   1   0
Mg       0.112251504   0.556236175   0.002027559    1   1   0
Mg       0.112232264   0.889399956   0.502264893    1   1   0
Mg       0.113900927   0.890674051   0.003807639    1   1   0
Zn       0.445294463   0.222727299   0.503768826    1   1   0
Zn       0.444605789   0.222261055   0.001152786    1   1   0
Mg       0.443367872   0.554551103   0.504965214    1   1   0
Mg       0.444360760   0.554998143   0.003908814    1   1   0
Mg       0.444195737   0.889458665   0.500216030    1   1   0
Zn       0.444337655   0.888193733   0.001541835    1   1   0
Zn       0.777024875   0.222075518   0.505095496    1   1   0
Zn       0.777555257   0.222644984   0.001905416    1   1   0
Zn       0.776943071   0.555045156   0.504149371    1   1   0
Zn       0.777429924   0.554409164   0.002010229    1   1   0
Zn       0.776660483   0.887812332   0.502595500    1   1   0
Zn       0.776457271   0.888065538   0.003535283    1   1   0
O        0.222623867   0.111890127   0.003535506    1   1   0
O        0.222634081   0.111616694   0.502508329    1   1   0
O        0.222879030   0.445051773   0.002868399    1   1   0
O        0.222216579   0.445398006   0.502463505    1   1   0
O        0.222910902   0.778531052   0.002027785    1   1   0
O        0.222101417   0.777959828   0.502264992    1   1   0
O        0.555165403   0.110394594   0.003807334    1   1   0
O        0.555398072   0.111379737   0.503768822    1   1   0
O        0.555513554   0.444715479   0.001152997    1   1   0
O        0.554836304   0.444668477   0.504965579    1   1   0
O        0.554447069   0.776891393   0.003908654    1   1   0
O        0.554086693   0.776836072   0.500215786    1   1   0
O        0.889072486   0.111180123   0.001541877    1   1   0
O        0.888311226   0.110637627   0.505095291    1   1   0
O        0.889673665   0.444974456   0.001905449    1   1   0
O        0.889517614   0.444870109   0.504149601    1   1   0
O        0.890399870   0.778227001   0.002009968    1   1   0
O        0.889703886   0.778307572   0.502595144    1   1   0
O        0.110613492   0.222085593   0.253764605    1   1   0
O        0.110701270   0.222024124   0.752603391    1   1   0
O        0.111104440   0.555946729   0.250667155    1   1   0
O        0.110225204   0.555035203   0.755800732    1   1   0
O        0.109878705   0.888560829   0.252916528    1   1   0
O        0.109542333   0.888351212   0.752226684    1   1   0
O        0.444821602   0.222575523   0.253490648    1   1   0
O        0.444545569   0.221480710   0.754080858    1   1   0
O        0.445725275   0.556676404   0.252363309    1   1   0
O        0.445407444   0.554629758   0.752823803    1   1   0
O        0.445030216   0.889288145   0.256212833    1   1   0
O        0.444654935   0.888341142   0.751001238    1   1   0
O        0.777984257   0.221985272   0.252870411    1   1   0
O        0.777950458   0.222341270   0.753053231    1   1   0
O        0.777390166   0.555310571   0.252315815    1   1   0
O        0.777746839   0.555123207   0.751235844    1   1   0
O        0.778035400   0.888774291   0.251482883    1   1   0
O        0.777096985   0.888029403   0.752107869    1   1   0

