&control
  calculation ='relax'
  restart_mode ='from_scratch',
  prefix       ='ZnO',
  outdir='./temp'
  pseudo_dir='./GBRV_PBEsol'
  disk_io='low'
  etot_conv_thr=1.D-7,
  forc_conv_thr=1.D-6,
  verbosity    ='high',
  tprnfor=.t.
  tstress=.t.
  nstep=200
!  tefield = .true.
!  dipfield = .true.

 /
&system
  nosym = .true.,
  ibrav= 0,
  nat=  72,
  ntyp= 3,
  tot_charge = 0.0
  ecutwfc =  60,
  ecutrho = 500,
  occupations='smearing', smearing='mv', degauss=0.001,
!  eamp = 0.0
!  edir = 3
!  emaxpos = 0.1
!  eopreg = 0.05

!  input_dft='hse', nqx1=2, nqx2=2, nqx3=1,
!  x_gamma_extrapolation = .true.
!  vdw_corr = DFT-D3
/

&electrons
    mixing_mode = 'plain'
    mixing_beta = 0.5,
    conv_thr =  1.0d-8
!   Startingpot = 'file'
!   Startingwfc = 'file'
/

&IONS
  upscale           = 100.D0,
/

&CELL
  cell_dynamics     = 'bfgs'
  press_conv_thr    = 0.5d0
  cell_dofree = 'z'
/

ATOMIC_SPECIES
Zn 65.38   zn_pbesol_v1.uspp.F.UPF
O  15.999  o_pbesol_v1.2.uspp.F.UPF
Mg 24.305   mg_pbesol_v1.4.uspp.F.UPF

K_POINTS {automatic}
4 4 4 0 0 0 

CELL_PARAMETERS (angstrom)
   9.749208732   0.003994283  -0.003228935
  -4.871129776   8.444195695   0.003338409
  -0.004305950   0.002658169   9.331358286

ATOMIC_POSITIONS (crystal)
Zn       0.222716379   0.111310183   0.253032975    1   1   0
Zn       0.222477351   0.111210281   0.752647190    1   1   0
Zn       0.221838214   0.445153080   0.253296305    1   1   0
Zn       0.219626661   0.445730860   0.751336391    1   1   0
Zn       0.224122809   0.781812732   0.251621097    1   1   0
Mg       0.226617705   0.781815465   0.755687562    1   1   0
Zn       0.558806664   0.111387979   0.251515210    1   1   0
Zn       0.560392816   0.111835444   0.754666712    1   1   0
Mg       0.553611650   0.441322912   0.254915656    1   1   0
Mg       0.553233226   0.442076943   0.750411893    1   1   0
Mg       0.553147000   0.775188877   0.252925479    1   1   0
Zn       0.554742750   0.775165420   0.753055488    1   1   0
Mg       0.891361314   0.112357018   0.253587740    1   1   0
Mg       0.890787290   0.111965715   0.750532975    1   1   0
Zn       0.889173994   0.447405893   0.252847509    1   1   0
Mg       0.889660928   0.447642933   0.752853592    1   1   0
Zn       0.885891725   0.776538494   0.252222160    1   1   0
Zn       0.887569348   0.775795396   0.751709508    1   1   0
Zn       0.111081009   0.223800407   0.503059938    1   1   0
Zn       0.113016331   0.222191298   0.003096051    1   1   0
Mg       0.111306313   0.558878240   0.502457901    1   1   0
Zn       0.112639733   0.559006255   0.001071294    1   1   0
Zn       0.109992736   0.888046344   0.504836552    1   1   0
Mg       0.108167731   0.888326644   0.002809817    1   1   0
Zn       0.443257974   0.217478029   0.503026042    1   1   0
Mg       0.443323199   0.217895919   0.003164653    1   1   0
Mg       0.440406162   0.553133896   0.502879661    1   1   0
Zn       0.442074945   0.552627589   0.004675773    1   1   0
Zn       0.446825547   0.889483986   0.499456459    1   1   0
Zn       0.446867721   0.889074589   0.001423087    1   1   0
Mg       0.779209012   0.224991971   0.502342210    1   1   0
Zn       0.781700501   0.224234296   0.000393149    1   1   0
Zn       0.776113014   0.554337970   0.505793059    1   1   0
Zn       0.774901841   0.555834028   0.003113746    1   1   0
Mg       0.777199268   0.887865312   0.502371513    1   1   0
Mg       0.776364901   0.886968457   0.003105237    1   1   0
O        0.222103948   0.109824964   0.003105116    1   1   0
O        0.221052671   0.110674555   0.503059786    1   1   0
O        0.220150354   0.444608471   0.003094430    1   1   0
O        0.219267487   0.445240441   0.502457586    1   1   0
O        0.224036598   0.781345852   0.001072028    1   1   0
O        0.224515238   0.780797909   0.504836894    1   1   0
O        0.559473718   0.111610274   0.002811278    1   1   0
O        0.557952554   0.111326860   0.503025668    1   1   0
O        0.552264408   0.440283729   0.003163988    1   1   0
O        0.552188012   0.441466487   0.502880118    1   1   0
O        0.554757767   0.774644699   0.004675733    1   1   0
O        0.555377182   0.775180859   0.499455534    1   1   0
O        0.889410961   0.109455412   0.001423396    1   1   0
O        0.887578753   0.110149234   0.502342278    1   1   0
O        0.889642126   0.446703178   0.000392359    1   1   0
O        0.889918175   0.446354100   0.505793539    1   1   0
O        0.887174457   0.776882776   0.003114343    1   1   0
O        0.888078109   0.776924602   0.502371492    1   1   0
O        0.112376640   0.223090103   0.253032944    1   1   0
O        0.112480135   0.223382703   0.752647612    1   1   0
O        0.111844344   0.558696470   0.253296179    1   1   0
O        0.111772155   0.559931501   0.751336636    1   1   0
O        0.108723875   0.888411199   0.251621537    1   1   0
O        0.110264911   0.888289635   0.755686963    1   1   0
O        0.444807713   0.219777413   0.251515544    1   1   0
O        0.445180188   0.219915577   0.754666148    1   1   0
O        0.444048293   0.553505826   0.254915145    1   1   0
O        0.442652364   0.553389637   0.750412267    1   1   0
O        0.445325134   0.889262285   0.252925502    1   1   0
O        0.448003423   0.889939811   0.753055191    1   1   0
O        0.781605035   0.224950499   0.253587309    1   1   0
O        0.782514056   0.225530988   0.750533213    1   1   0
O        0.775125712   0.554608329   0.252847824    1   1   0
O        0.774357495   0.554246290   0.752853595    1   1   0
O        0.776071235   0.890147371   0.252222005    1   1   0
O        0.777679009   0.889559107   0.751709342    1   1   0

