&control
  calculation ='vc-relax'
  restart_mode ='from_scratch',
  prefix       ='ZnO',
  outdir='./temp'
  pseudo_dir='./GBRV_PBEsol'
  disk_io='low'
  etot_conv_thr=1.D-7,
  forc_conv_thr=1.D-6,
  verbosity    ='high',
  tprnfor=.t.
  tstress=.t.
  nstep=200
!  tefield = .true.
!  dipfield = .true.

 /
&system
  nosym = .true.,
  ibrav= 0,
  nat=  72,
  ntyp= 3,
  tot_charge = 0.0
  ecutwfc =  60,
  ecutrho = 500,
  occupations='smearing', smearing='mv', degauss=0.001,
!  eamp = 0.0
!  edir = 3
!  emaxpos = 0.1
!  eopreg = 0.05

!  input_dft='hse', nqx1=2, nqx2=2, nqx3=1,
!  x_gamma_extrapolation = .true.
!  vdw_corr = DFT-D3
/

&electrons
    mixing_mode = 'plain'
    mixing_beta = 0.5,
    conv_thr =  1.0d-8
!   Startingpot = 'file'
!   Startingwfc = 'file'
/

&IONS
  upscale           = 100.D0,
/

&CELL
  cell_dynamics     = 'bfgs'
  press_conv_thr    = 0.5d0
  cell_dofree = 'all'
/

ATOMIC_SPECIES
Zn 65.38   zn_pbesol_v1.uspp.F.UPF
O  15.999  o_pbesol_v1.2.uspp.F.UPF
Mg 24.305   mg_pbesol_v1.4.uspp.F.UPF

K_POINTS {automatic}
4 4 4 0 0 0 

CELL_PARAMETERS (angstrom)
   9.749208732   0.003994283  -0.004034189
  -4.871129776   8.444195695   0.004171274
  -0.004305950   0.002658169  10.363722882

ATOMIC_POSITIONS (crystal)
Zn       0.222446780   0.112051102   0.253032572 1 1 0
Zn       0.223176728   0.110642093   0.752647691 1 1 0
Zn       0.224658891   0.445762066   0.253297158 1 1 0
Zn       0.221510721   0.444629233   0.751337568 1 1 0
Zn       0.222088842   0.777141351   0.251622185 1 1 0
Mg       0.224768771   0.780694936   0.755687293 1 1 0
Zn       0.556547909   0.111143287   0.251514429 1 1 0
Zn       0.555643096   0.111857064   0.754664854 1 1 0
Mg       0.555568122   0.445311575   0.254914812 1 1 0
Mg       0.555590408   0.444052007   0.750412016 1 1 0
Mg       0.553167045   0.776481643   0.252924966 1 1 0
Zn       0.556742594   0.779306212   0.753054600 1 1 0
Mg       0.890242926   0.112729739   0.253587155 1 1 0
Mg       0.890058836   0.110869334   0.750533133 1 1 0
Zn       0.889104530   0.444614208   0.252848606 1 1 0
Mg       0.888955803   0.445891684   0.752854022 1 1 0
Zn       0.886572335   0.777623086   0.252221988 1 1 0
Zn       0.890410619   0.777831350   0.751709795 1 1 0
Zn       0.109602567   0.222488230   0.503059891 1 1 0
Zn       0.111532729   0.221644321   0.003095694 1 1 0
Mg       0.109242874   0.556122885   0.502458207 1 1 0
Zn       0.112701333   0.555186246   0.001072855 1 1 0
Zn       0.112320218   0.888345690   0.504837338 1 1 0
Mg       0.109048285   0.888031301   0.002810279 1 1 0
Zn       0.443612405   0.221423746   0.503024592 1 1 0
Mg       0.444126674   0.221543488   0.003163498 1 1 0
Mg       0.441904519   0.553227347   0.502880207 1 1 0
Zn       0.444633386   0.556477325   0.004675219 1 1 0
Zn       0.442674831   0.889161884   0.499454973 1 1 0
Zn       0.446169481   0.887938731   0.001423272 1 1 0
Mg       0.776800373   0.223889503   0.502341716 1 1 0
Zn       0.777705876   0.220304871   0.000393176 1 1 0
Zn       0.778879656   0.554012223   0.505794267 1 1 0
Zn       0.776656395   0.556670704   0.003114092 1 1 0
Mg       0.779687257   0.889392508   0.502371867 1 1 0
Mg       0.774948518   0.886023394   0.003105066 1 1 0
O        0.222406972   0.110241824   0.003105066 1 1 0
O        0.221475581   0.110821737   0.503059891 1 1 0
O        0.222719231   0.443951834   0.003095694 1 1 0
O        0.220546608   0.444934127   0.502458207 1 1 0
O        0.222510309   0.777814093   0.001072855 1 1 0
O        0.221762700   0.777031849   0.504837338 1 1 0
O        0.556105418   0.110835144   0.002810279 1 1 0
O        0.555005308   0.111149864   0.503024592 1 1 0
O        0.554396538   0.443562136   0.003163498 1 1 0
O        0.555172149   0.444130952   0.502880207 1 1 0
O        0.555502131   0.776642957   0.004675219 1 1 0
O        0.556081842   0.777256149   0.499454973 1 1 0
O        0.888147290   0.108541823   0.001423272 1 1 0
O        0.886791130   0.110784664   0.502341716 1 1 0
O        0.888884336   0.443941324   0.000393176 1 1 0
O        0.889291122   0.443938142   0.505794267 1 1 0
O        0.887553004   0.777871450   0.003114092 1 1 0
O        0.889603215   0.777467717   0.502371867 1 1 0
O        0.111186874   0.222863086   0.253032572 1 1 0
O        0.111640742   0.222373541   0.752647691 1 1 0
O        0.110983917   0.555430879   0.253297158 1 1 0
O        0.111825349   0.557666705   0.751337568 1 1 0
O        0.110437233   0.888459205   0.251622185 1 1 0
O        0.111850283   0.889004252   0.755687293 1 1 0
O        0.445198892   0.222925582   0.251514429 1 1 0
O        0.445177118   0.223127377   0.754664854 1 1 0
O        0.445684757   0.555915646   0.254914812 1 1 0
O        0.444993065   0.556276698   0.750412016 1 1 0
O        0.443546991   0.888874421   0.252924966 1 1 0
O        0.446316793   0.889777158   0.753054600 1 1 0
O        0.778944730   0.222759432   0.253587155 1 1 0
O        0.779310050   0.222631906   0.750533133 1 1 0
O        0.777665556   0.555121129   0.252848606 1 1 0
O        0.776806602   0.555553336   0.752854022 1 1 0
O        0.776442510   0.890548655   0.252221988 1 1 0
O        0.778531321   0.889256839   0.751709795 1 1 0

