i&input
 asr='crystal',
 amass(1)=69.723
 amass(2)=78.971
 flfrc='Ga2Se3.1121.fc'
 flfrq='ga2se3.disp.freq'
/
51
0.000000 0.000000 0.000000
0.000000 0.032466 0.000000
0.000000 0.064932 0.000000
0.000000 0.097398 0.000000
0.000000 0.129864 0.000000
0.000000 0.162331 0.000000
0.000000 0.194797 0.000000
0.000000 0.227263 0.000000
0.000000 0.259729 0.000000
0.000000 0.292195 0.000000
0.000000 0.324661 0.000000
0.000000 0.357127 0.000000
0.000000 0.389593 0.000000
0.000000 0.422059 0.000000
0.000000 0.454525 0.000000
0.000000 0.486991 0.000000
0.000000 0.519458 0.000000
0.000000 0.551924 0.000000
0.000000 0.584390 0.000000
0.000000 0.616856 0.000000
0.000000 0.649322 0.000000
0.000000 0.681788 0.000000
0.000000 0.714254 0.000000
0.000000 0.746720 0.000000
0.000000 0.779186 0.000000
0.000000 0.811652 0.000000
0.000000 0.844119 0.000000
0.000000 0.876585 0.000000
0.000000 0.909051 0.000000
0.000000 0.941517 0.000000
0.000000 0.973983 0.000000
0.000000 1.006449 0.000000
0.000000 1.038915 0.000000
0.000000 1.071381 0.000000
0.000000 1.103847 0.000000
0.000000 1.136314 0.000000
0.000000 1.168780 0.000000
0.000000 1.201246 0.000000
0.000000 1.233712 0.000000
0.000000 1.266178 0.000000
0.000000 1.298644 0.000000
0.000000 1.331110 0.000000
0.000000 1.363576 0.000000
0.000000 1.396042 0.000000
0.000000 1.428508 0.000000
0.000000 1.460975 0.000000
0.000000 1.493441 0.000000
0.000000 1.525907 0.000000
0.000000 1.558373 0.000000
0.000000 1.590839 0.000000
0.000000 1.623305 0.000000
