&control
  calculation ='relax'
  restart_mode ='from_scratch',
  prefix       ='ZnO',
  outdir='./temp'
  pseudo_dir='./GBRV_PBEsol'
  disk_io='low'
  etot_conv_thr=1.D-7,
  forc_conv_thr=1.D-6,
  verbosity    ='high',
  tprnfor=.t.
  tstress=.t.
  nstep=200
!  tefield = .true.
!  dipfield = .true.

 /
&system
  nosym = .true.,
  ibrav= 0,
  nat=  72,
  ntyp= 3,
  tot_charge = 0.0
  ecutwfc =  60,
  ecutrho = 500,
  occupations='smearing', smearing='mv', degauss=0.001,
!  eamp = 0.0
!  edir = 3
!  emaxpos = 0.1
!  eopreg = 0.05

!  input_dft='hse', nqx1=2, nqx2=2, nqx3=1,
!  x_gamma_extrapolation = .true.
!  vdw_corr = DFT-D3
/

&electrons
    mixing_mode = 'plain'
    mixing_beta = 0.5,
    conv_thr =  1.0d-8
!   Startingpot = 'file'
!   Startingwfc = 'file'
/

&IONS
  upscale           = 100.D0,
/

&CELL
  cell_dynamics     = 'bfgs'
  press_conv_thr    = 0.5d0
  cell_dofree = 'z'
/

ATOMIC_SPECIES
Zn 65.38   zn_pbesol_v1.uspp.F.UPF
O  15.999  o_pbesol_v1.2.uspp.F.UPF
Mg 24.305   mg_pbesol_v1.4.uspp.F.UPF

K_POINTS {automatic}
4 4 4 0 0 0 

CELL_PARAMETERS (angstrom)
   9.724698783   0.000056463   0.000142217
  -4.862285454   8.421506504  -0.000180300
   0.000182595  -0.000161180   9.580422713

ATOMIC_POSITIONS (crystal)
Mg       0.445184976   0.888604187   0.504851264    1   1   0
Mg       0.888965757   0.776808168   0.751310123    1   1   0
Mg       0.887506828   0.111810997   0.753567689    1   1   0
Mg       0.223769295   0.444829226   0.755197364    1   1   0
Mg       0.777402188   0.888073239   0.003847148    1   1   0
Mg       0.113085640   0.888947838   0.003957709    1   1   0
O        0.890803093   0.779326254   0.001043458    1   1   0
O        0.887116599   0.110996036   0.001572102    1   1   0
O        0.222689789   0.444199496   0.002287555    1   1   0
O        0.553463004   0.110036646   0.002931875    1   1   0
O        0.223346326   0.777514056   0.003385286    1   1   0
O        0.221032944   0.111169519   0.003450874    1   1   0
O        0.555706374   0.777317112   0.003614299    1   1   0
O        0.889331626   0.444870342   0.003847163    1   1   0
O        0.556689545   0.444488841   0.003957695    1   1   0
O        0.778970051   0.889450030   0.250681345    1   1   0
O        0.112168127   0.888990577   0.251314324    1   1   0
O        0.776178284   0.222172738   0.253157423    1   1   0
O        0.109643042   0.222359698   0.253255067    1   1   0
O        0.778432395   0.555973337   0.253283777    1   1   0
O        0.444723584   0.554996818   0.253565710    1   1   0
O        0.111389731   0.554896867   0.253589361    1   1   0
O        0.443264102   0.222096225   0.253865296    1   1   0
O        0.445290487   0.888718779   0.255787997    1   1   0
O        0.222903362   0.777749000   0.502993321    1   1   0
O        0.220604555   0.110792172   0.503001888    1   1   0
O        0.556951941   0.778141644   0.503014653    1   1   0
O        0.889896769   0.778077017   0.503602472    1   1   0
O        0.889379828   0.444359243   0.503654202    1   1   0
O        0.553728839   0.110528211   0.503662118    1   1   0
O        0.556009604   0.444073671   0.503858661    1   1   0
O        0.887246063   0.111273936   0.504021400    1   1   0
O        0.223396675   0.445147681   0.504851278    1   1   0
O        0.445446972   0.888336743   0.751310122    1   1   0
O        0.109471835   0.222966373   0.751990708    1   1   0
O        0.111337814   0.554996470   0.753032128    1   1   0
O        0.776020655   0.222242136   0.753411856    1   1   0
O        0.778052586   0.555280338   0.753466555    1   1   0
O        0.445625381   0.555724486   0.753567638    1   1   0
O        0.442029703   0.221779250   0.753841928    1   1   0
O        0.111641542   0.888864518   0.755118219    1   1   0
O        0.780124123   0.889969665   0.755197380    1   1   0
Zn       0.889782652   0.777683597   0.250681355    1   1   0
Zn       0.887828270   0.112247291   0.251314354    1   1   0
Zn       0.222846548   0.444388890   0.253157389    1   1   0
Zn       0.553972371   0.110951246   0.253255083    1   1   0
Zn       0.222999308   0.776867914   0.253283783    1   1   0
Zn       0.555906525   0.777067848   0.253565679    1   1   0
Zn       0.221228722   0.111953833   0.253589386    1   1   0
Zn       0.889343677   0.444397586   0.253865269    1   1   0
Zn       0.556195121   0.444105767   0.255788001    1   1   0
Zn       0.778326275   0.888847368   0.502993344    1   1   0
Zn       0.112624785   0.888719329   0.503001841    1   1   0
Zn       0.778127797   0.555001297   0.503014639    1   1   0
Zn       0.109972217   0.222599035   0.503602496    1   1   0
Zn       0.775141894   0.222488129   0.503654261    1   1   0
Zn       0.446184796   0.556346840   0.503662089    1   1   0
Zn       0.111170750   0.555813616   0.503858686    1   1   0
Zn       0.443276720   0.221774322   0.504021376    1   1   0
Zn       0.222026187   0.777182020   0.751990636    1   1   0
Zn       0.558521862   0.777563425   0.753032136    1   1   0
Zn       0.554202746   0.111987403   0.753411830    1   1   0
Zn       0.219474004   0.111404860   0.753466619    1   1   0
Zn       0.556553330   0.444271404   0.753841905    1   1   0
Zn       0.888748176   0.444306438   0.755118232    1   1   0
Zn       0.444637262   0.887387489   0.001043446    1   1   0
Zn       0.109656718   0.221535336   0.001572096    1   1   0
Zn       0.111734221   0.556013145   0.002287555    1   1   0
Zn       0.776063747   0.222719966   0.002931875    1   1   0
Zn       0.445536303   0.555604835   0.003385280    1   1   0
Zn       0.779038633   0.557356334   0.003450874    1   1   0
Zn       0.442856344   0.222463860   0.003614335    1   1   0

