&control
  calculation ='scf'
  restart_mode ='from_scratch',
  prefix       ='ZnO',
  outdir='./temp'
  pseudo_dir='./GBRV_PBEsol'
  disk_io='low'
  etot_conv_thr=1.D-7,
  forc_conv_thr=1.D-6,
  verbosity    ='high',
  tprnfor=.t.
  tstress=.t.
  nstep=200
!  tefield = .true.
!  dipfield = .true.

 /
&system
  nosym = .true.,
  ibrav= 0,
  nat=  72,
  ntyp= 3,
  tot_charge = 0.0
  ecutwfc =  60,
  ecutrho = 500,
  occupations='smearing', smearing='mv', degauss=0.001,
!  eamp = 0.0
!  edir = 3
!  emaxpos = 0.1
!  eopreg = 0.05

!  input_dft='hse', nqx1=2, nqx2=2, nqx3=1,
!  x_gamma_extrapolation = .true.
!  vdw_corr = DFT-D3
/

&electrons
    mixing_mode = 'plain'
    mixing_beta = 0.5,
    conv_thr =  1.0d-8
!   Startingpot = 'file'
!   Startingwfc = 'file'
/

&IONS
  upscale           = 100.D0,
/

&CELL
  cell_dynamics     = 'bfgs'
  press_conv_thr    = 0.5d0
  cell_dofree = 'all'
/

ATOMIC_SPECIES
Zn 65.38   zn_pbesol_v1.uspp.F.UPF
O  15.999  o_pbesol_v1.2.uspp.F.UPF
Mg 24.305   mg_pbesol_v1.4.uspp.F.UPF

K_POINTS {automatic}
4 4 4 0 0 0 

CELL_PARAMETERS (angstrom)
  10.381840998  -0.005507332   0.004311693
  -5.195673991   8.999799513  -0.001588902
   0.006193360   0.000991197   8.638802983

ATOMIC_POSITIONS (crystal)
Mg       0.223263767   0.779578105   0.250234058    1   1   0
Mg       0.223566503   0.442928691   0.251837710    1   1   0
Mg       0.889498309   0.110773731   0.251958410    1   1   0
Mg       0.555351716   0.777848046   0.253298999    1   1   0
Mg       0.889307471   0.779064272   0.253637112    1   1   0
Mg       0.554882576   0.111500919   0.256119404    1   1   0
Mg       0.111316824   0.555426547   0.500869243    1   1   0
Mg       0.776802572   0.888434305   0.503532299    1   1   0
Mg       0.112025412   0.889863848   0.504126153    1   1   0
Mg       0.112525213   0.222776275   0.504650591    1   1   0
Mg       0.224294081   0.779405622   0.753188563    1   1   0
Mg       0.554850784   0.444042955   0.753606157    1   1   0
Mg       0.779125845   0.889402860   0.000566831    1   1   0
Mg       0.110312798   0.553999424   0.000902772    1   1   0
Mg       0.778645578   0.223365034   0.003822935    1   1   0
Mg       0.779225296   0.555152916   0.005654594    1   1   0
O        0.556277723   0.444460232   0.000566087    1   1   0
O        0.889660030   0.444406705   0.000902371    1   1   0
O        0.221134669   0.776466333   0.001393383    1   1   0
O        0.220933329   0.110310543   0.003132321    1   1   0
O        0.556776875   0.778361999   0.003746846    1   1   0
O        0.888148128   0.110660242   0.003822992    1   1   0
O        0.221371710   0.443567356   0.004093078    1   1   0
O        0.887920868   0.777193509   0.004497966    1   1   0
O        0.556591422   0.112504958   0.005654241    1   1   0
O        0.778314754   0.555698550   0.249711822    1   1   0
O        0.777712922   0.221407798   0.250234597    1   1   0
O        0.444558141   0.889153373   0.250815245    1   1   0
O        0.113905109   0.556734768   0.251837820    1   1   0
O        0.445043070   0.556114856   0.251957839    1   1   0
O        0.443608835   0.222388298   0.253297943    1   1   0
O        0.777356386   0.888947673   0.253637196    1   1   0
O        0.111256851   0.888410683   0.254804575    1   1   0
O        0.110823058   0.222241367   0.256120086    1   1   0
O        0.889185019   0.778264666   0.499129956    1   1   0
O        0.889514997   0.110829207   0.499818382    1   1   0
O        0.555457981   0.110985791   0.500567951    1   1   0
O        0.221338657   0.444131396   0.500869559    1   1   0
O        0.554943679   0.777826444   0.501427558    1   1   0
O        0.889322901   0.444734258   0.501788389    1   1   0
O        0.220911178   0.777134251   0.503533067    1   1   0
O        0.221550252   0.110728447   0.504126000    1   1   0
O        0.555732297   0.444992430   0.504650175    1   1   0
O        0.777901252   0.888571801   0.750215323    1   1   0
O        0.111115472   0.222626314   0.751158634    1   1   0
O        0.110936849   0.887990905   0.751168239    1   1   0
O        0.112413264   0.557214788   0.752016762    1   1   0
O        0.444315024   0.555709395   0.752606912    1   1   0
O        0.444564017   0.221966971   0.753025660    1   1   0
O        0.445201263   0.890000804   0.753188918    1   1   0
O        0.777625810   0.222352032   0.753605935    1   1   0
O        0.777132100   0.555265436   0.754737535    1   1   0
Zn       0.890156989   0.443737581   0.249712317    1   1   0
Zn       0.554494883   0.444081070   0.250815173    1   1   0
Zn       0.220605747   0.110504931   0.254804132    1   1   0
Zn       0.778166691   0.555351002   0.499129417    1   1   0
Zn       0.442678564   0.887556535   0.499818106    1   1   0
Zn       0.779036206   0.222954778   0.500567796    1   1   0
Zn       0.443338798   0.555398649   0.501428985    1   1   0
Zn       0.442967176   0.222323181   0.501788945    1   1   0
Zn       0.888583669   0.111770270   0.750214695    1   1   0
Zn       0.888736281   0.775980825   0.751158723    1   1   0
Zn       0.222771288   0.445417791   0.751168523    1   1   0
Zn       0.555078572   0.110876185   0.752017788    1   1   0
Zn       0.553539234   0.777450747   0.752607209    1   1   0
Zn       0.889043580   0.445288313   0.753024996    1   1   0
Zn       0.222555888   0.110687036   0.754737464    1   1   0
Zn       0.109645075   0.888177282   0.001392956    1   1   0
Zn       0.110192472   0.221584590   0.003132196    1   1   0
Zn       0.444069990   0.555197402   0.003746148    1   1   0
Zn       0.443542997   0.221335578   0.004092971    1   1   0
Zn       0.445245258   0.890408129   0.004498295    1   1   0

