
VCNEB Calcualtion Step    0

Image  Energy-(eV)  Dist 
  1   -4288.2156  0.0000
  2   -4288.2154  0.1471
  3   -4288.2162  0.1471
  4   -4288.2305  0.1471
  5   -4288.2654  0.1471
  6   -4288.3213  0.1471
  7   -4288.3852  0.1471
  8   -4288.4208  0.1471
  9   -4288.3857  0.2202
 10   -4288.3223  0.2202
 11   -4288.2666  0.2202
 12   -4288.2313  0.2202
 13   -4288.2165  0.2202
 14   -4288.2153  0.2202
 15   -4288.2156  0.2202

VCNEB Calcualtion Step    1

Image  Energy-(eV)  Dist 
  1   -4288.2156  0.0000
  2   -4288.2154  0.1473
  3   -4288.2162  0.1473
  4   -4288.2306  0.1472
  5   -4288.2657  0.1472
  6   -4288.3217  0.1471
  7   -4288.3855  0.1470
  8   -4288.4208  0.1587
  9   -4288.3862  0.2180
 10   -4288.3230  0.2199
 11   -4288.2670  0.2204
 12   -4288.2316  0.2206
 13   -4288.2166  0.2206
 14   -4288.2153  0.2205
 15   -4288.2156  0.2209

VCNEB Calcualtion Step    2

Image  Energy-(eV)  Dist 
  1   -4288.2156  0.0000
  2   -4288.2154  0.1474
  3   -4288.2163  0.1474
  4   -4288.2307  0.1474
  5   -4288.2659  0.1473
  6   -4288.3220  0.1471
  7   -4288.3859  0.1470
  8   -4288.4208  0.1578
  9   -4288.3867  0.2158
 10   -4288.3237  0.2196
 11   -4288.2676  0.2206
 12   -4288.2318  0.2211
 13   -4288.2167  0.2211
 14   -4288.2153  0.2209
 15   -4288.2156  0.2216

VCNEB Calcualtion Step    3

Image  Energy-(eV)  Dist 
  1   -4288.2156  0.0000
  2   -4288.2154  0.1475
  3   -4288.2163  0.1475
  4   -4288.2308  0.1475
  5   -4288.2661  0.1474
  6   -4288.3224  0.1472
  7   -4288.3861  0.1470
  8   -4288.4208  0.1569
  9   -4288.3872  0.2137
 10   -4288.3244  0.2192
 11   -4288.2680  0.2209
 12   -4288.2321  0.2216
 13   -4288.2168  0.2216
 14   -4288.2153  0.2213
 15   -4288.2156  0.2222

VCNEB Calcualtion Step    4

Image  Energy-(eV)  Dist 
  1   -4288.2156  0.0000
  2   -4288.2154  0.1476
  3   -4288.2164  0.1477
  4   -4288.2308  0.1476
  5   -4288.2662  0.1475
  6   -4288.3227  0.1472
  7   -4288.3864  0.1470
  8   -4288.4208  0.1561
  9   -4288.3877  0.2116
 10   -4288.3250  0.2189
 11   -4288.2685  0.2212
 12   -4288.2323  0.2221
 13   -4288.2169  0.2221
 14   -4288.2154  0.2216
 15   -4288.2156  0.2228

VCNEB Calcualtion Step    5

Image  Energy-(eV)  Dist 
  1   -4288.2156  0.0000
  2   -4288.2155  0.1477
  3   -4288.2164  0.1478
  4   -4288.2309  0.1477
  5   -4288.2663  0.1475
  6   -4288.3229  0.1472
  7   -4288.3866  0.1471
  8   -4288.4208  0.1553
  9   -4288.3882  0.2095
 10   -4288.3257  0.2185
 11   -4288.2690  0.2214
 12   -4288.2325  0.2226
 13   -4288.2170  0.2226
 14   -4288.2154  0.2220
 15   -4288.2156  0.2234

VCNEB Calcualtion Step    6

Image  Energy-(eV)  Dist 
  1   -4288.2156  0.0000
  2   -4288.2155  0.1478
  3   -4288.2164  0.1479
  4   -4288.2309  0.1478
  5   -4288.2665  0.1476
  6   -4288.3231  0.1473
  7   -4288.3869  0.1471
  8   -4288.4208  0.1545
  9   -4288.3886  0.2076
 10   -4288.3263  0.2182
 11   -4288.2694  0.2217
 12   -4288.2327  0.2230
 13   -4288.2170  0.2231
 14   -4288.2154  0.2223
 15   -4288.2156  0.2240

VCNEB Calcualtion Step    7

Image  Energy-(eV)  Dist 
  1   -4288.2156  0.0000
  2   -4288.2155  0.1479
  3   -4288.2164  0.1480
  4   -4288.2310  0.1480
  5   -4288.2666  0.1477
  6   -4288.3233  0.1473
  7   -4288.3871  0.1471
  8   -4288.4208  0.1537
  9   -4288.3890  0.2056
 10   -4288.3269  0.2178
 11   -4288.2698  0.2220
 12   -4288.2329  0.2235
 13   -4288.2171  0.2235
 14   -4288.2154  0.2227
 15   -4288.2156  0.2246

VCNEB Calcualtion Step    8

Image  Energy-(eV)  Dist 
  1   -4288.2156  0.0000
  2   -4288.2155  0.1480
  3   -4288.2164  0.1481
  4   -4288.2310  0.1481
  5   -4288.2667  0.1478
  6   -4288.3235  0.1474
  7   -4288.3872  0.1471
  8   -4288.4208  0.1530
  9   -4288.3894  0.2037
 10   -4288.3275  0.2175
 11   -4288.2702  0.2222
 12   -4288.2331  0.2240
 13   -4288.2172  0.2240
 14   -4288.2154  0.2230
 15   -4288.2156  0.2252

VCNEB Calcualtion Step    9

Image  Energy-(eV)  Dist 
  1   -4288.2156  0.0000
  2   -4288.2155  0.1480
  3   -4288.2165  0.1482
  4   -4288.2310  0.1482
  5   -4288.2667  0.1479
  6   -4288.3237  0.1475
  7   -4288.3874  0.1472
  8   -4288.4208  0.1523
  9   -4288.3898  0.2019
 10   -4288.3280  0.2171
 11   -4288.2706  0.2225
 12   -4288.2333  0.2244
 13   -4288.2172  0.2245
 14   -4288.2154  0.2233
 15   -4288.2156  0.2258

VCNEB Calcualtion Step   10

Image  Energy-(eV)  Dist 
  1   -4288.2156  0.0000
  2   -4288.2155  0.1481
  3   -4288.2165  0.1483
  4   -4288.2310  0.1483
  5   -4288.2668  0.1480
  6   -4288.3238  0.1475
  7   -4288.3875  0.1472
  8   -4288.4208  0.1516
  9   -4288.3902  0.2001
 10   -4288.3286  0.2167
 11   -4288.2710  0.2227
 12   -4288.2335  0.2249
 13   -4288.2173  0.2249
 14   -4288.2154  0.2237
 15   -4288.2156  0.2264

VCNEB Calcualtion Step   11

Image  Energy-(eV)  Dist 
  1   -4288.2156  0.0000
  2   -4288.2155  0.1482
  3   -4288.2165  0.1484
  4   -4288.2310  0.1484
  5   -4288.2668  0.1481
  6   -4288.3239  0.1476
  7   -4288.3877  0.1473
  8   -4288.4207  0.1509
  9   -4288.3906  0.1983
 10   -4288.3291  0.2163
 11   -4288.2713  0.2229
 12   -4288.2337  0.2254
 13   -4288.2173  0.2254
 14   -4288.2154  0.2240
 15   -4288.2156  0.2270

VCNEB Calcualtion Step   12

Image  Energy-(eV)  Dist 
  1   -4288.2156  0.0000
  2   -4288.2155  0.1482
  3   -4288.2165  0.1485
  4   -4288.2311  0.1485
  5   -4288.2669  0.1482
  6   -4288.3240  0.1476
  7   -4288.3878  0.1473
  8   -4288.4207  0.1502
  9   -4288.3909  0.1966
 10   -4288.3296  0.2159
 11   -4288.2717  0.2231
 12   -4288.2338  0.2258
 13   -4288.2174  0.2258
 14   -4288.2154  0.2243
 15   -4288.2156  0.2275

VCNEB Calcualtion Step   13

Image  Energy-(eV)  Dist 
  1   -4288.2156  0.0000
  2   -4288.2155  0.1483
  3   -4288.2165  0.1486
  4   -4288.2311  0.1485
  5   -4288.2669  0.1482
  6   -4288.3241  0.1477
  7   -4288.3879  0.1473
  8   -4288.4207  0.1496
  9   -4288.3913  0.1949
 10   -4288.3301  0.2155
 11   -4288.2721  0.2234
 12   -4288.2340  0.2263
 13   -4288.2174  0.2262
 14   -4288.2154  0.2247
 15   -4288.2156  0.2281

VCNEB Calcualtion Step   14

Image  Energy-(eV)  Dist 
  1   -4288.2156  0.0000
  2   -4288.2156  0.1483
  3   -4288.2165  0.1486
  4   -4288.2311  0.1486
  5   -4288.2669  0.1483
  6   -4288.3242  0.1477
  7   -4288.3880  0.1474
  8   -4288.4207  0.1489
  9   -4288.3916  0.1933
 10   -4288.3307  0.2151
 11   -4288.2724  0.2236
 12   -4288.2341  0.2267
 13   -4288.2175  0.2267
 14   -4288.2154  0.2250
 15   -4288.2156  0.2287

VCNEB Calcualtion Step   15

Image  Energy-(eV)  Dist 
  1   -4288.2156  0.0000
  2   -4288.2156  0.1484
  3   -4288.2165  0.1487
  4   -4288.2311  0.1487
  5   -4288.2669  0.1484
  6   -4288.3243  0.1478
  7   -4288.3881  0.1474
  8   -4288.4207  0.1483
  9   -4288.3919  0.1917
 10   -4288.3312  0.2147
 11   -4288.2728  0.2238
 12   -4288.2343  0.2271
 13   -4288.2175  0.2271
 14   -4288.2154  0.2253
 15   -4288.2156  0.2292

VCNEB Calcualtion Step   16

Image  Energy-(eV)  Dist 
  1   -4288.2156  0.0000
  2   -4288.2156  0.1484
  3   -4288.2165  0.1488
  4   -4288.2310  0.1488
  5   -4288.2669  0.1485
  6   -4288.3243  0.1479
  7   -4288.3881  0.1474
  8   -4288.4207  0.1477
  9   -4288.3922  0.1901
 10   -4288.3317  0.2142
 11   -4288.2731  0.2240
 12   -4288.2344  0.2276
 13   -4288.2176  0.2275
 14   -4288.2154  0.2257
 15   -4288.2156  0.2298

VCNEB Calcualtion Step   17

Image  Energy-(eV)  Dist 
  1   -4288.2156  0.0000
  2   -4288.2156  0.1485
  3   -4288.2165  0.1489
  4   -4288.2310  0.1489
  5   -4288.2669  0.1485
  6   -4288.3244  0.1479
  7   -4288.3882  0.1475
  8   -4288.4207  0.1471
  9   -4288.3925  0.1886
 10   -4288.3321  0.2138
 11   -4288.2735  0.2242
 12   -4288.2346  0.2280
 13   -4288.2176  0.2280
 14   -4288.2154  0.2260
 15   -4288.2156  0.2303

VCNEB Calcualtion Step   18

Image  Energy-(eV)  Dist 
  1   -4288.2156  0.0000
  2   -4288.2156  0.1485
  3   -4288.2165  0.1490
  4   -4288.2310  0.1490
  5   -4288.2669  0.1486
  6   -4288.3244  0.1480
  7   -4288.3883  0.1475
  8   -4288.4207  0.1465
  9   -4288.3928  0.1871
 10   -4288.3326  0.2134
 11   -4288.2738  0.2243
 12   -4288.2347  0.2284
 13   -4288.2176  0.2284
 14   -4288.2154  0.2263
 15   -4288.2156  0.2308

VCNEB Calcualtion Step   19

Image  Energy-(eV)  Dist 
  1   -4288.2156  0.0000
  2   -4288.2156  0.1486
  3   -4288.2165  0.1490
  4   -4288.2310  0.1491
  5   -4288.2669  0.1487
  6   -4288.3244  0.1481
  7   -4288.3883  0.1475
  8   -4288.4207  0.1460
  9   -4288.3931  0.1856
 10   -4288.3331  0.2129
 11   -4288.2741  0.2245
 12   -4288.2349  0.2288
 13   -4288.2177  0.2288
 14   -4288.2154  0.2267
 15   -4288.2156  0.2314

VCNEB Calcualtion Step   20

Image  Energy-(eV)  Dist 
  1   -4288.2156  0.0000
  2   -4288.2156  0.1486
  3   -4288.2165  0.1491
  4   -4288.2310  0.1491
  5   -4288.2669  0.1488
  6   -4288.3244  0.1481
  7   -4288.3883  0.1476
  8   -4288.4207  0.1454
  9   -4288.3934  0.1842
 10   -4288.3336  0.2124
 11   -4288.2745  0.2247
 12   -4288.2350  0.2292
 13   -4288.2177  0.2292
 14   -4288.2154  0.2270
 15   -4288.2156  0.2319

VCNEB Calcualtion Step   21

Image  Energy-(eV)  Dist 
  1   -4288.2156  0.0000
  2   -4288.2156  0.1487
  3   -4288.2165  0.1492
  4   -4288.2310  0.1492
  5   -4288.2669  0.1488
  6   -4288.3245  0.1482
  7   -4288.3884  0.1476
  8   -4288.4207  0.1449
  9   -4288.3937  0.1827
 10   -4288.3340  0.2120
 11   -4288.2748  0.2248
 12   -4288.2352  0.2296
 13   -4288.2177  0.2297
 14   -4288.2154  0.2273
 15   -4288.2156  0.2324

VCNEB Calcualtion Step   22

Image  Energy-(eV)  Dist 
  1   -4288.2156  0.0000
  2   -4288.2156  0.1487
  3   -4288.2165  0.1492
  4   -4288.2309  0.1493
  5   -4288.2668  0.1489
  6   -4288.3245  0.1482
  7   -4288.3884  0.1476
  8   -4288.4207  0.1444
  9   -4288.3940  0.1814
 10   -4288.3345  0.2115
 11   -4288.2751  0.2250
 12   -4288.2353  0.2300
 13   -4288.2178  0.2301
 14   -4288.2154  0.2277
 15   -4288.2156  0.2329

VCNEB Calcualtion Step   23

Image  Energy-(eV)  Dist 
  1   -4288.2156  0.0000
  2   -4288.2156  0.1488
  3   -4288.2165  0.1493
  4   -4288.2309  0.1494
  5   -4288.2668  0.1490
  6   -4288.3245  0.1483
  7   -4288.3884  0.1477
  8   -4288.4207  0.1439
  9   -4288.3942  0.1800
 10   -4288.3349  0.2110
 11   -4288.2755  0.2251
 12   -4288.2354  0.2304
 13   -4288.2178  0.2305
 14   -4288.2154  0.2280
 15   -4288.2156  0.2335

VCNEB Calcualtion Step   24

Image  Energy-(eV)  Dist 
  1   -4288.2156  0.0000
  2   -4288.2156  0.1488
  3   -4288.2165  0.1494
  4   -4288.2309  0.1494
  5   -4288.2668  0.1490
  6   -4288.3245  0.1484
  7   -4288.3884  0.1477
  8   -4288.4207  0.1434
  9   -4288.3945  0.1787
 10   -4288.3354  0.2106
 11   -4288.2758  0.2253
 12   -4288.2356  0.2308
 13   -4288.2178  0.2309
 14   -4288.2154  0.2284
 15   -4288.2156  0.2340

VCNEB Calcualtion Step   25

Image  Energy-(eV)  Dist 
  1   -4288.2156  0.0000
  2   -4288.2156  0.1488
  3   -4288.2165  0.1495
  4   -4288.2309  0.1495
  5   -4288.2667  0.1491
  6   -4288.3244  0.1484
  7   -4288.3885  0.1477
  8   -4288.4207  0.1429
  9   -4288.3948  0.1774
 10   -4288.3358  0.2101
 11   -4288.2761  0.2254
 12   -4288.2357  0.2312
 13   -4288.2179  0.2313
 14   -4288.2154  0.2287
 15   -4288.2156  0.2345

VCNEB Calcualtion Step   26

Image  Energy-(eV)  Dist 
  1   -4288.2156  0.0000
  2   -4288.2156  0.1489
  3   -4288.2165  0.1495
  4   -4288.2309  0.1496
  5   -4288.2667  0.1492
  6   -4288.3244  0.1485
  7   -4288.3885  0.1477
  8   -4288.4206  0.1425
  9   -4288.3950  0.1761
 10   -4288.3363  0.2096
 11   -4288.2764  0.2255
 12   -4288.2358  0.2316
 13   -4288.2179  0.2317
 14   -4288.2154  0.2290
 15   -4288.2156  0.2350

VCNEB Calcualtion Step   27

Image  Energy-(eV)  Dist 
  1   -4288.2156  0.0000
  2   -4288.2156  0.1489
  3   -4288.2165  0.1496
  4   -4288.2308  0.1497
  5   -4288.2667  0.1492
  6   -4288.3244  0.1485
  7   -4288.3885  0.1477
  8   -4288.4206  0.1420
  9   -4288.3953  0.1748
 10   -4288.3367  0.2091
 11   -4288.2768  0.2256
 12   -4288.2360  0.2320
 13   -4288.2179  0.2321
 14   -4288.2154  0.2294
 15   -4288.2156  0.2355

VCNEB Calcualtion Step   28

Image  Energy-(eV)  Dist 
  1   -4288.2156  0.0000
  2   -4288.2156  0.1490
  3   -4288.2165  0.1497
  4   -4288.2308  0.1497
  5   -4288.2666  0.1493
  6   -4288.3244  0.1486
  7   -4288.3885  0.1478
  8   -4288.4206  0.1416
  9   -4288.3955  0.1736
 10   -4288.3372  0.2086
 11   -4288.2771  0.2258
 12   -4288.2361  0.2324
 13   -4288.2180  0.2325
 14   -4288.2154  0.2297
 15   -4288.2156  0.2360

VCNEB Calcualtion Step   29

Image  Energy-(eV)  Dist 
  1   -4288.2156  0.0000
  2   -4288.2156  0.1490
  3   -4288.2165  0.1497
  4   -4288.2308  0.1498
  5   -4288.2666  0.1493
  6   -4288.3244  0.1487
  7   -4288.3885  0.1478
  8   -4288.4206  0.1411
  9   -4288.3958  0.1724
 10   -4288.3376  0.2081
 11   -4288.2774  0.2259
 12   -4288.2363  0.2327
 13   -4288.2180  0.2329
 14   -4288.2154  0.2301
 15   -4288.2156  0.2365

VCNEB Calcualtion Step   30

Image  Energy-(eV)  Dist 
  1   -4288.2156  0.0000
  2   -4288.2156  0.1490
  3   -4288.2165  0.1498
  4   -4288.2308  0.1499
  5   -4288.2666  0.1494
  6   -4288.3244  0.1487
  7   -4288.3885  0.1478
  8   -4288.4206  0.1407
  9   -4288.3960  0.1712
 10   -4288.3381  0.2075
 11   -4288.2778  0.2260
 12   -4288.2364  0.2331
 13   -4288.2180  0.2333
 14   -4288.2154  0.2304
 15   -4288.2156  0.2370

VCNEB Calcualtion Step   31

Image  Energy-(eV)  Dist 
  1   -4288.2156  0.0000
  2   -4288.2156  0.1491
  3   -4288.2165  0.1498
  4   -4288.2307  0.1499
  5   -4288.2665  0.1495
  6   -4288.3244  0.1488
  7   -4288.3885  0.1478
  8   -4288.4206  0.1403
  9   -4288.3962  0.1700
 10   -4288.3385  0.2070
 11   -4288.2781  0.2260
 12   -4288.2365  0.2335
 13   -4288.2181  0.2337
 14   -4288.2154  0.2307
 15   -4288.2156  0.2375

VCNEB Calcualtion Step   32

Image  Energy-(eV)  Dist 
  1   -4288.2156  0.0000
  2   -4288.2156  0.1491
  3   -4288.2165  0.1499
  4   -4288.2307  0.1500
  5   -4288.2665  0.1495
  6   -4288.3243  0.1488
  7   -4288.3885  0.1478
  8   -4288.4206  0.1399
  9   -4288.3965  0.1689
 10   -4288.3389  0.2065
 11   -4288.2784  0.2261
 12   -4288.2367  0.2338
 13   -4288.2181  0.2341
 14   -4288.2154  0.2311
 15   -4288.2156  0.2380

VCNEB Calcualtion Step   33

Image  Energy-(eV)  Dist 
  1   -4288.2156  0.0000
  2   -4288.2156  0.1491
  3   -4288.2165  0.1500
  4   -4288.2307  0.1501
  5   -4288.2664  0.1496
  6   -4288.3243  0.1489
  7   -4288.3884  0.1478
  8   -4288.4206  0.1395
  9   -4288.3967  0.1678
 10   -4288.3394  0.2060
 11   -4288.2787  0.2262
 12   -4288.2368  0.2342
 13   -4288.2181  0.2345
 14   -4288.2154  0.2314
 15   -4288.2156  0.2385

VCNEB Calcualtion Step   34

Image  Energy-(eV)  Dist 
  1   -4288.2156  0.0000
  2   -4288.2157  0.1492
  3   -4288.2165  0.1500
  4   -4288.2307  0.1502
  5   -4288.2664  0.1497
  6   -4288.3243  0.1490
  7   -4288.3884  0.1478
  8   -4288.4206  0.1391
  9   -4288.3969  0.1667
 10   -4288.3398  0.2054
 11   -4288.2791  0.2263
 12   -4288.2369  0.2346
 13   -4288.2181  0.2349
 14   -4288.2154  0.2318
 15   -4288.2156  0.2390

VCNEB Calcualtion Step   35

Image  Energy-(eV)  Dist 
  1   -4288.2156  0.0000
  2   -4288.2157  0.1492
  3   -4288.2165  0.1501
  4   -4288.2306  0.1502
  5   -4288.2663  0.1497
  6   -4288.3242  0.1490
  7   -4288.3884  0.1478
  8   -4288.4206  0.1387
  9   -4288.3971  0.1656
 10   -4288.3402  0.2049
 11   -4288.2794  0.2263
 12   -4288.2371  0.2349
 13   -4288.2182  0.2353
 14   -4288.2154  0.2321
 15   -4288.2156  0.2395

VCNEB Calcualtion Step   36

Image  Energy-(eV)  Dist 
  1   -4288.2156  0.0000
  2   -4288.2157  0.1492
  3   -4288.2165  0.1501
  4   -4288.2306  0.1503
  5   -4288.2663  0.1498
  6   -4288.3242  0.1491
  7   -4288.3884  0.1478
  8   -4288.4206  0.1384
  9   -4288.3974  0.1645
 10   -4288.3407  0.2044
 11   -4288.2797  0.2264
 12   -4288.2372  0.2353
 13   -4288.2182  0.2357
 14   -4288.2154  0.2325
 15   -4288.2156  0.2400

VCNEB Calcualtion Step   37

Image  Energy-(eV)  Dist 
  1   -4288.2156  0.0000
  2   -4288.2157  0.1493
  3   -4288.2165  0.1502
  4   -4288.2306  0.1504
  5   -4288.2663  0.1498
  6   -4288.3242  0.1491
  7   -4288.3884  0.1478
  8   -4288.4206  0.1380
  9   -4288.3976  0.1634
 10   -4288.3411  0.2038
 11   -4288.2801  0.2264
 12   -4288.2374  0.2356
 13   -4288.2182  0.2361
 14   -4288.2154  0.2328
 15   -4288.2156  0.2405

VCNEB Calcualtion Step   38

Image  Energy-(eV)  Dist 
  1   -4288.2156  0.0000
  2   -4288.2157  0.1493
  3   -4288.2165  0.1503
  4   -4288.2306  0.1504
  5   -4288.2662  0.1499
  6   -4288.3241  0.1492
  7   -4288.3884  0.1478
  8   -4288.4206  0.1377
  9   -4288.3978  0.1624
 10   -4288.3415  0.2033
 11   -4288.2804  0.2265
 12   -4288.2375  0.2359
 13   -4288.2183  0.2364
 14   -4288.2154  0.2332
 15   -4288.2156  0.2410

VCNEB Calcualtion Step   39

Image  Energy-(eV)  Dist 
  1   -4288.2156  0.0000
  2   -4288.2157  0.1493
  3   -4288.2165  0.1503
  4   -4288.2305  0.1505
  5   -4288.2662  0.1499
  6   -4288.3241  0.1492
  7   -4288.3883  0.1478
  8   -4288.4206  0.1373
  9   -4288.3980  0.1614
 10   -4288.3420  0.2027
 11   -4288.2807  0.2265
 12   -4288.2377  0.2363
 13   -4288.2183  0.2368
 14   -4288.2154  0.2335
 15   -4288.2156  0.2415

VCNEB Calcualtion Step   40

Image  Energy-(eV)  Dist 
  1   -4288.2156  0.0000
  2   -4288.2157  0.1494
  3   -4288.2165  0.1504
  4   -4288.2305  0.1505
  5   -4288.2662  0.1500
  6   -4288.3241  0.1493
  7   -4288.3883  0.1478
  8   -4288.4205  0.1370
  9   -4288.3982  0.1604
 10   -4288.3424  0.2022
 11   -4288.2811  0.2265
 12   -4288.2378  0.2366
 13   -4288.2183  0.2372
 14   -4288.2154  0.2339
 15   -4288.2156  0.2419

VCNEB Calcualtion Step   41

Image  Energy-(eV)  Dist 
  1   -4288.2156  0.0000
  2   -4288.2157  0.1494
  3   -4288.2165  0.1504
  4   -4288.2305  0.1506
  5   -4288.2661  0.1501
  6   -4288.3240  0.1494
  7   -4288.3883  0.1478
  8   -4288.4205  0.1367
  9   -4288.3984  0.1594
 10   -4288.3428  0.2016
 11   -4288.2814  0.2265
 12   -4288.2380  0.2369
 13   -4288.2184  0.2376
 14   -4288.2154  0.2342
 15   -4288.2156  0.2424

VCNEB Calcualtion Step   42

Image  Energy-(eV)  Dist 
  1   -4288.2156  0.0000
  2   -4288.2157  0.1494
  3   -4288.2165  0.1505
  4   -4288.2305  0.1507
  5   -4288.2661  0.1501
  6   -4288.3240  0.1494
  7   -4288.3882  0.1478
  8   -4288.4205  0.1364
  9   -4288.3986  0.1584
 10   -4288.3433  0.2011
 11   -4288.2818  0.2266
 12   -4288.2381  0.2373
 13   -4288.2184  0.2380
 14   -4288.2154  0.2346
 15   -4288.2156  0.2429

VCNEB Calcualtion Step   43

Image  Energy-(eV)  Dist 
  1   -4288.2156  0.0000
  2   -4288.2157  0.1495
  3   -4288.2165  0.1506
  4   -4288.2305  0.1507
  5   -4288.2660  0.1502
  6   -4288.3240  0.1495
  7   -4288.3882  0.1478
  8   -4288.4205  0.1361
  9   -4288.3988  0.1575
 10   -4288.3437  0.2005
 11   -4288.2821  0.2266
 12   -4288.2382  0.2376
 13   -4288.2184  0.2384
 14   -4288.2154  0.2350
 15   -4288.2156  0.2434

VCNEB Calcualtion Step   44

Image  Energy-(eV)  Dist 
  1   -4288.2156  0.0000
  2   -4288.2157  0.1495
  3   -4288.2165  0.1506
  4   -4288.2304  0.1508
  5   -4288.2660  0.1502
  6   -4288.3240  0.1495
  7   -4288.3882  0.1478
  8   -4288.4205  0.1358
  9   -4288.3990  0.1565
 10   -4288.3441  0.2000
 11   -4288.2824  0.2266
 12   -4288.2384  0.2379
 13   -4288.2185  0.2388
 14   -4288.2154  0.2353
 15   -4288.2156  0.2439

VCNEB Calcualtion Step   45

Image  Energy-(eV)  Dist 
  1   -4288.2156  0.0000
  2   -4288.2157  0.1495
  3   -4288.2165  0.1507
  4   -4288.2304  0.1509
  5   -4288.2660  0.1503
  6   -4288.3239  0.1496
  7   -4288.3882  0.1478
  8   -4288.4205  0.1355
  9   -4288.3992  0.1556
 10   -4288.3445  0.1994
 11   -4288.2828  0.2266
 12   -4288.2385  0.2382
 13   -4288.2185  0.2392
 14   -4288.2153  0.2357
 15   -4288.2156  0.2443

VCNEB Calcualtion Step   46

Image  Energy-(eV)  Dist 
  1   -4288.2156  0.0000
  2   -4288.2157  0.1496
  3   -4288.2165  0.1507
  4   -4288.2304  0.1509
  5   -4288.2659  0.1504
  6   -4288.3239  0.1496
  7   -4288.3882  0.1478
  8   -4288.4205  0.1352
  9   -4288.3994  0.1547
 10   -4288.3450  0.1988
 11   -4288.2831  0.2266
 12   -4288.2387  0.2385
 13   -4288.2185  0.2395
 14   -4288.2153  0.2360
 15   -4288.2156  0.2448

VCNEB Calcualtion Step   47

Image  Energy-(eV)  Dist 
  1   -4288.2156  0.0000
  2   -4288.2157  0.1496
  3   -4288.2165  0.1508
  4   -4288.2304  0.1510
  5   -4288.2659  0.1504
  6   -4288.3239  0.1497
  7   -4288.3881  0.1478
  8   -4288.4205  0.1349
  9   -4288.3996  0.1538
 10   -4288.3454  0.1983
 11   -4288.2835  0.2265
 12   -4288.2389  0.2388
 13   -4288.2185  0.2399
 14   -4288.2153  0.2364
 15   -4288.2156  0.2453

VCNEB Calcualtion Step   48

Image  Energy-(eV)  Dist 
  1   -4288.2156  0.0000
  2   -4288.2157  0.1496
  3   -4288.2165  0.1508
  4   -4288.2304  0.1511
  5   -4288.2659  0.1505
  6   -4288.3238  0.1497
  7   -4288.3881  0.1477
  8   -4288.4205  0.1346
  9   -4288.3998  0.1529
 10   -4288.3458  0.1977
 11   -4288.2838  0.2265
 12   -4288.2390  0.2392
 13   -4288.2186  0.2403
 14   -4288.2153  0.2368
 15   -4288.2156  0.2458

VCNEB Calcualtion Step   49

Image  Energy-(eV)  Dist 
  1   -4288.2156  0.0000
  2   -4288.2157  0.1496
  3   -4288.2165  0.1509
  4   -4288.2303  0.1511
  5   -4288.2659  0.1505
  6   -4288.3238  0.1498
  7   -4288.3881  0.1477
  8   -4288.4205  0.1344
  9   -4288.4000  0.1520
 10   -4288.3462  0.1971
 11   -4288.2842  0.2265
 12   -4288.2392  0.2395
 13   -4288.2186  0.2407
 14   -4288.2153  0.2371
 15   -4288.2156  0.2462

VCNEB Calcualtion Step   50

Image  Energy-(eV)  Dist 
  1   -4288.2156  0.0000
  2   -4288.2157  0.1497
  3   -4288.2165  0.1509
  4   -4288.2303  0.1512
  5   -4288.2658  0.1506
  6   -4288.3238  0.1498
  7   -4288.3881  0.1477
  8   -4288.4205  0.1341
  9   -4288.4002  0.1512
 10   -4288.3466  0.1966
 11   -4288.2845  0.2265
 12   -4288.2393  0.2398
 13   -4288.2186  0.2411
 14   -4288.2153  0.2375
 15   -4288.2156  0.2467

VCNEB Calcualtion Step   51

Image  Energy-(eV)  Dist 
  1   -4288.2156  0.0000
  2   -4288.2157  0.1497
  3   -4288.2165  0.1510
  4   -4288.2303  0.1512
  5   -4288.2658  0.1506
  6   -4288.3238  0.1499
  7   -4288.3880  0.1477
  8   -4288.4205  0.1339
  9   -4288.4004  0.1503
 10   -4288.3471  0.1960
 11   -4288.2849  0.2264
 12   -4288.2395  0.2400
 13   -4288.2187  0.2415
 14   -4288.2153  0.2379
 15   -4288.2156  0.2472

VCNEB Calcualtion Step   52

Image  Energy-(eV)  Dist 
  1   -4288.2156  0.0000
  2   -4288.2157  0.1497
  3   -4288.2165  0.1510
  4   -4288.2303  0.1513
  5   -4288.2658  0.1507
  6   -4288.3237  0.1499
  7   -4288.3880  0.1477
  8   -4288.4205  0.1336
  9   -4288.4005  0.1495
 10   -4288.3475  0.1954
 11   -4288.2852  0.2264
 12   -4288.2396  0.2403
 13   -4288.2187  0.2418
 14   -4288.2153  0.2382
 15   -4288.2156  0.2476

VCNEB Calcualtion Step   53

Image  Energy-(eV)  Dist 
  1   -4288.2156  0.0000
  2   -4288.2157  0.1497
  3   -4288.2165  0.1511
  4   -4288.2303  0.1514
  5   -4288.2658  0.1507
  6   -4288.3237  0.1500
  7   -4288.3880  0.1476
  8   -4288.4205  0.1334
  9   -4288.4007  0.1486
 10   -4288.3479  0.1948
 11   -4288.2856  0.2263
 12   -4288.2398  0.2406
 13   -4288.2187  0.2422
 14   -4288.2153  0.2386
 15   -4288.2156  0.2481

VCNEB Calcualtion Step   54

Image  Energy-(eV)  Dist 
  1   -4288.2156  0.0000
  2   -4288.2157  0.1498
  3   -4288.2165  0.1512
  4   -4288.2303  0.1514
  5   -4288.2657  0.1508
  6   -4288.3237  0.1500
  7   -4288.3880  0.1476
  8   -4288.4205  0.1331
  9   -4288.4009  0.1478
 10   -4288.3483  0.1943
 11   -4288.2859  0.2263
 12   -4288.2400  0.2409
 13   -4288.2188  0.2426
 14   -4288.2153  0.2390
 15   -4288.2156  0.2486

VCNEB Calcualtion Step   55

Image  Energy-(eV)  Dist 
  1   -4288.2156  0.0000
  2   -4288.2157  0.1498
  3   -4288.2165  0.1512
  4   -4288.2303  0.1515
  5   -4288.2657  0.1509
  6   -4288.3237  0.1501
  7   -4288.3879  0.1476
  8   -4288.4205  0.1329
  9   -4288.4011  0.1470
 10   -4288.3487  0.1937
 11   -4288.2863  0.2262
 12   -4288.2401  0.2412
 13   -4288.2188  0.2430
 14   -4288.2153  0.2394
 15   -4288.2156  0.2491

VCNEB Calcualtion Step   56

Image  Energy-(eV)  Dist 
  1   -4288.2156  0.0000
  2   -4288.2157  0.1498
  3   -4288.2165  0.1513
  4   -4288.2303  0.1516
  5   -4288.2657  0.1509
  6   -4288.3237  0.1501
  7   -4288.3879  0.1476
  8   -4288.4205  0.1327
  9   -4288.4013  0.1462
 10   -4288.3491  0.1931
 11   -4288.2867  0.2261
 12   -4288.2403  0.2415
 13   -4288.2188  0.2434
 14   -4288.2153  0.2397
 15   -4288.2156  0.2495

VCNEB Calcualtion Step   57

Image  Energy-(eV)  Dist 
  1   -4288.2156  0.0000
  2   -4288.2157  0.1498
  3   -4288.2165  0.1513
  4   -4288.2302  0.1516
  5   -4288.2657  0.1510
  6   -4288.3237  0.1501
  7   -4288.3879  0.1475
  8   -4288.4205  0.1325
  9   -4288.4014  0.1454
 10   -4288.3496  0.1925
 11   -4288.2870  0.2261
 12   -4288.2405  0.2418
 13   -4288.2189  0.2438
 14   -4288.2153  0.2401
 15   -4288.2156  0.2500

VCNEB Calcualtion Step   58

Image  Energy-(eV)  Dist 
  1   -4288.2156  0.0000
  2   -4288.2157  0.1499
  3   -4288.2165  0.1514
  4   -4288.2302  0.1517
  5   -4288.2656  0.1510
  6   -4288.3236  0.1502
  7   -4288.3879  0.1475
  8   -4288.4205  0.1322
  9   -4288.4016  0.1446
 10   -4288.3500  0.1920
 11   -4288.2874  0.2260
 12   -4288.2406  0.2420
 13   -4288.2189  0.2441
 14   -4288.2153  0.2405
 15   -4288.2156  0.2505

VCNEB Calcualtion Step   59

Image  Energy-(eV)  Dist 
  1   -4288.2156  0.0000
  2   -4288.2157  0.1499
  3   -4288.2165  0.1514
  4   -4288.2302  0.1517
  5   -4288.2656  0.1511
  6   -4288.3236  0.1502
  7   -4288.3879  0.1475
  8   -4288.4205  0.1320
  9   -4288.4018  0.1438
 10   -4288.3504  0.1914
 11   -4288.2877  0.2259
 12   -4288.2408  0.2423
 13   -4288.2189  0.2445
 14   -4288.2153  0.2409
 15   -4288.2156  0.2509

VCNEB Calcualtion Step   60

Image  Energy-(eV)  Dist 
  1   -4288.2156  0.0000
  2   -4288.2157  0.1499
  3   -4288.2165  0.1515
  4   -4288.2302  0.1518
  5   -4288.2656  0.1511
  6   -4288.3236  0.1503
  7   -4288.3878  0.1474
  8   -4288.4205  0.1318
  9   -4288.4020  0.1431
 10   -4288.3508  0.1908
 11   -4288.2881  0.2258
 12   -4288.2410  0.2426
 13   -4288.2190  0.2449
 14   -4288.2153  0.2412
 15   -4288.2156  0.2514

VCNEB Calcualtion Step   61

Image  Energy-(eV)  Dist 
  1   -4288.2156  0.0000
  2   -4288.2157  0.1499
  3   -4288.2165  0.1515
  4   -4288.2302  0.1519
  5   -4288.2656  0.1512
  6   -4288.3236  0.1503
  7   -4288.3878  0.1474
  8   -4288.4205  0.1316
  9   -4288.4021  0.1423
 10   -4288.3512  0.1902
 11   -4288.2885  0.2257
 12   -4288.2411  0.2428
 13   -4288.2190  0.2453
 14   -4288.2153  0.2416
 15   -4288.2156  0.2519

VCNEB Calcualtion Step   62

Image  Energy-(eV)  Dist 
  1   -4288.2156  0.0000
  2   -4288.2157  0.1500
  3   -4288.2165  0.1516
  4   -4288.2302  0.1519
  5   -4288.2656  0.1512
  6   -4288.3236  0.1504
  7   -4288.3878  0.1474
  8   -4288.4205  0.1314
  9   -4288.4023  0.1416
 10   -4288.3516  0.1896
 11   -4288.2888  0.2256
 12   -4288.2413  0.2431
 13   -4288.2190  0.2456
 14   -4288.2153  0.2420
 15   -4288.2156  0.2523

VCNEB Calcualtion Step   63

Image  Energy-(eV)  Dist 
  1   -4288.2156  0.0000
  2   -4288.2157  0.1500
  3   -4288.2165  0.1516
  4   -4288.2302  0.1520
  5   -4288.2656  0.1513
  6   -4288.3236  0.1504
  7   -4288.3878  0.1473
  8   -4288.4205  0.1312
  9   -4288.4025  0.1408
 10   -4288.3520  0.1891
 11   -4288.2892  0.2255
 12   -4288.2415  0.2433
 13   -4288.2191  0.2460
 14   -4288.2153  0.2424
 15   -4288.2156  0.2528

VCNEB Calcualtion Step   64

Image  Energy-(eV)  Dist 
  1   -4288.2156  0.0000
  2   -4288.2157  0.1500
  3   -4288.2165  0.1517
  4   -4288.2302  0.1520
  5   -4288.2656  0.1514
  6   -4288.3236  0.1504
  7   -4288.3877  0.1473
  8   -4288.4205  0.1310
  9   -4288.4026  0.1401
 10   -4288.3524  0.1885
 11   -4288.2896  0.2254
 12   -4288.2416  0.2436
 13   -4288.2191  0.2464
 14   -4288.2153  0.2428
 15   -4288.2156  0.2532

VCNEB Calcualtion Step   65

Image  Energy-(eV)  Dist 
  1   -4288.2156  0.0000
  2   -4288.2157  0.1500
  3   -4288.2165  0.1517
  4   -4288.2302  0.1521
  5   -4288.2656  0.1514
  6   -4288.3236  0.1505
  7   -4288.3877  0.1473
  8   -4288.4205  0.1308
  9   -4288.4028  0.1394
 10   -4288.3528  0.1879
 11   -4288.2899  0.2253
 12   -4288.2418  0.2438
 13   -4288.2191  0.2468
 14   -4288.2152  0.2432
 15   -4288.2156  0.2537

VCNEB Calcualtion Step   66

Image  Energy-(eV)  Dist 
  1   -4288.2156  0.0000
  2   -4288.2157  0.1501
  3   -4288.2165  0.1518
  4   -4288.2302  0.1522
  5   -4288.2656  0.1515
  6   -4288.3236  0.1505
  7   -4288.3877  0.1472
  8   -4288.4205  0.1307
  9   -4288.4030  0.1387
 10   -4288.3532  0.1873
 11   -4288.2903  0.2252
 12   -4288.2420  0.2441
 13   -4288.2192  0.2472
 14   -4288.2152  0.2436
 15   -4288.2156  0.2542

VCNEB Calcualtion Step   67

Image  Energy-(eV)  Dist 
  1   -4288.2156  0.0000
  2   -4288.2157  0.1501
  3   -4288.2165  0.1518
  4   -4288.2302  0.1522
  5   -4288.2656  0.1515
  6   -4288.3236  0.1505
  7   -4288.3877  0.1472
  8   -4288.4205  0.1305
  9   -4288.4031  0.1380
 10   -4288.3536  0.1867
 11   -4288.2907  0.2251
 12   -4288.2422  0.2443
 13   -4288.2192  0.2475
 14   -4288.2152  0.2439
 15   -4288.2156  0.2546

VCNEB Calcualtion Step   68

Image  Energy-(eV)  Dist 
  1   -4288.2156  0.0000
  2   -4288.2157  0.1501
  3   -4288.2165  0.1519
  4   -4288.2302  0.1523
  5   -4288.2656  0.1516
  6   -4288.3236  0.1506
  7   -4288.3877  0.1471
  8   -4288.4205  0.1303
  9   -4288.4033  0.1373
 10   -4288.3540  0.1862
 11   -4288.2911  0.2249
 12   -4288.2423  0.2446
 13   -4288.2192  0.2479
 14   -4288.2152  0.2443
 15   -4288.2156  0.2551

VCNEB Calcualtion Step   69

Image  Energy-(eV)  Dist 
  1   -4288.2156  0.0000
  2   -4288.2157  0.1501
  3   -4288.2165  0.1519
  4   -4288.2302  0.1524
  5   -4288.2655  0.1516
  6   -4288.3236  0.1506
  7   -4288.3877  0.1471
  8   -4288.4205  0.1301
  9   -4288.4034  0.1366
 10   -4288.3544  0.1856
 11   -4288.2914  0.2248
 12   -4288.2425  0.2448
 13   -4288.2193  0.2483
 14   -4288.2152  0.2447
 15   -4288.2156  0.2556

VCNEB Calcualtion Step   70

Image  Energy-(eV)  Dist 
  1   -4288.2156  0.0000
  2   -4288.2157  0.1502
  3   -4288.2165  0.1520
  4   -4288.2302  0.1524
  5   -4288.2655  0.1517
  6   -4288.3236  0.1507
  7   -4288.3877  0.1471
  8   -4288.4205  0.1300
  9   -4288.4036  0.1359
 10   -4288.3548  0.1850
 11   -4288.2918  0.2247
 12   -4288.2427  0.2450
 13   -4288.2193  0.2487
 14   -4288.2152  0.2451
 15   -4288.2156  0.2560

VCNEB Calcualtion Step   71

Image  Energy-(eV)  Dist 
  1   -4288.2156  0.0000
  2   -4288.2157  0.1502
  3   -4288.2165  0.1520
  4   -4288.2302  0.1525
  5   -4288.2655  0.1517
  6   -4288.3236  0.1507
  7   -4288.3876  0.1470
  8   -4288.4205  0.1298
  9   -4288.4037  0.1352
 10   -4288.3552  0.1844
 11   -4288.2922  0.2245
 12   -4288.2429  0.2453
 13   -4288.2193  0.2490
 14   -4288.2152  0.2455
 15   -4288.2156  0.2565

VCNEB Calcualtion Step   72

Image  Energy-(eV)  Dist 
  1   -4288.2156  0.0000
  2   -4288.2157  0.1502
  3   -4288.2165  0.1521
  4   -4288.2302  0.1525
  5   -4288.2655  0.1518
  6   -4288.3236  0.1507
  7   -4288.3876  0.1470
  8   -4288.4205  0.1296
  9   -4288.4039  0.1345
 10   -4288.3556  0.1839
 11   -4288.2925  0.2244
 12   -4288.2430  0.2455
 13   -4288.2194  0.2494
 14   -4288.2152  0.2459
 15   -4288.2156  0.2570

VCNEB Calcualtion Step   73

Image  Energy-(eV)  Dist 
  1   -4288.2156  0.0000
  2   -4288.2157  0.1502
  3   -4288.2165  0.1521
  4   -4288.2302  0.1526
  5   -4288.2655  0.1519
  6   -4288.3236  0.1508
  7   -4288.3876  0.1469
  8   -4288.4205  0.1295
  9   -4288.4040  0.1339
 10   -4288.3560  0.1833
 11   -4288.2929  0.2243
 12   -4288.2432  0.2457
 13   -4288.2194  0.2498
 14   -4288.2152  0.2463
 15   -4288.2156  0.2574

VCNEB Calcualtion Step   74

Image  Energy-(eV)  Dist 
  1   -4288.2156  0.0000
  2   -4288.2157  0.1502
  3   -4288.2165  0.1522
  4   -4288.2302  0.1527
  5   -4288.2655  0.1519
  6   -4288.3236  0.1508
  7   -4288.3876  0.1469
  8   -4288.4205  0.1293
  9   -4288.4042  0.1332
 10   -4288.3564  0.1827
 11   -4288.2933  0.2241
 12   -4288.2434  0.2460
 13   -4288.2195  0.2502
 14   -4288.2152  0.2467
 15   -4288.2156  0.2579

VCNEB Calcualtion Step   75

Image  Energy-(eV)  Dist 
  1   -4288.2156  0.0000
  2   -4288.2157  0.1503
  3   -4288.2165  0.1522
  4   -4288.2302  0.1527
  5   -4288.2655  0.1520
  6   -4288.3236  0.1508
  7   -4288.3876  0.1469
  8   -4288.4205  0.1291
  9   -4288.4044  0.1326
 10   -4288.3568  0.1821
 11   -4288.2937  0.2239
 12   -4288.2436  0.2462
 13   -4288.2195  0.2505
 14   -4288.2152  0.2471
 15   -4288.2156  0.2584

VCNEB Calcualtion Step   76

Image  Energy-(eV)  Dist 
  1   -4288.2156  0.0000
  2   -4288.2157  0.1503
  3   -4288.2165  0.1523
  4   -4288.2302  0.1528
  5   -4288.2656  0.1520
  6   -4288.3237  0.1509
  7   -4288.3876  0.1468
  8   -4288.4205  0.1290
  9   -4288.4045  0.1319
 10   -4288.3572  0.1816
 11   -4288.2941  0.2238
 12   -4288.2438  0.2464
 13   -4288.2195  0.2509
 14   -4288.2152  0.2475
 15   -4288.2156  0.2588

VCNEB Calcualtion Step   77

Image  Energy-(eV)  Dist 
  1   -4288.2156  0.0000
  2   -4288.2157  0.1503
  3   -4288.2165  0.1523
  4   -4288.2302  0.1528
  5   -4288.2656  0.1521
  6   -4288.3237  0.1509
  7   -4288.3876  0.1468
  8   -4288.4206  0.1288
  9   -4288.4047  0.1313
 10   -4288.3576  0.1810
 11   -4288.2944  0.2236
 12   -4288.2440  0.2466
 13   -4288.2196  0.2513
 14   -4288.2152  0.2479
 15   -4288.2156  0.2593

VCNEB Calcualtion Step   78

Image  Energy-(eV)  Dist 
  1   -4288.2156  0.0000
  2   -4288.2157  0.1503
  3   -4288.2165  0.1524
  4   -4288.2302  0.1529
  5   -4288.2656  0.1521
  6   -4288.3237  0.1509
  7   -4288.3876  0.1467
  8   -4288.4206  0.1286
  9   -4288.4048  0.1306
 10   -4288.3580  0.1804
 11   -4288.2948  0.2235
 12   -4288.2442  0.2468
 13   -4288.2196  0.2517
 14   -4288.2152  0.2483
 15   -4288.2156  0.2597

VCNEB Calcualtion Step   79

Image  Energy-(eV)  Dist 
  1   -4288.2156  0.0000
  2   -4288.2157  0.1503
  3   -4288.2165  0.1524
  4   -4288.2302  0.1530
  5   -4288.2656  0.1522
  6   -4288.3237  0.1510
  7   -4288.3876  0.1467
  8   -4288.4206  0.1285
  9   -4288.4049  0.1300
 10   -4288.3583  0.1798
 11   -4288.2952  0.2233
 12   -4288.2444  0.2470
 13   -4288.2197  0.2520
 14   -4288.2152  0.2487
 15   -4288.2156  0.2602

VCNEB Calcualtion Step   80

Image  Energy-(eV)  Dist 
  1   -4288.2156  0.0000
  2   -4288.2157  0.1504
  3   -4288.2165  0.1525
  4   -4288.2302  0.1530
  5   -4288.2656  0.1522
  6   -4288.3237  0.1510
  7   -4288.3876  0.1466
  8   -4288.4206  0.1283
  9   -4288.4051  0.1294
 10   -4288.3587  0.1793
 11   -4288.2956  0.2231
 12   -4288.2445  0.2472
 13   -4288.2197  0.2524
 14   -4288.2152  0.2491
 15   -4288.2156  0.2607

VCNEB Calcualtion Step   81

Image  Energy-(eV)  Dist 
  1   -4288.2156  0.0000
  2   -4288.2157  0.1504
  3   -4288.2165  0.1525
  4   -4288.2302  0.1531
  5   -4288.2656  0.1523
  6   -4288.3237  0.1510
  7   -4288.3876  0.1466
  8   -4288.4206  0.1282
  9   -4288.4052  0.1287
 10   -4288.3591  0.1787
 11   -4288.2960  0.2229
 12   -4288.2447  0.2474
 13   -4288.2197  0.2528
 14   -4288.2152  0.2495
 15   -4288.2156  0.2611

VCNEB Calcualtion Step   82

Image  Energy-(eV)  Dist 
  1   -4288.2156  0.0000
  2   -4288.2157  0.1504
  3   -4288.2165  0.1526
  4   -4288.2302  0.1532
  5   -4288.2656  0.1523
  6   -4288.3237  0.1510
  7   -4288.3876  0.1465
  8   -4288.4206  0.1280
  9   -4288.4054  0.1281
 10   -4288.3595  0.1781
 11   -4288.2963  0.2228
 12   -4288.2449  0.2476
 13   -4288.2198  0.2531
 14   -4288.2152  0.2499
 15   -4288.2156  0.2616

VCNEB Calcualtion Step   83

Image  Energy-(eV)  Dist 
  1   -4288.2156  0.0000
  2   -4288.2157  0.1504
  3   -4288.2165  0.1526
  4   -4288.2302  0.1532
  5   -4288.2656  0.1524
  6   -4288.3238  0.1511
  7   -4288.3876  0.1465
  8   -4288.4206  0.1279
  9   -4288.4055  0.1275
 10   -4288.3599  0.1776
 11   -4288.2967  0.2226
 12   -4288.2451  0.2478
 13   -4288.2198  0.2535
 14   -4288.2152  0.2503
 15   -4288.2156  0.2621

VCNEB Calcualtion Step   84

Image  Energy-(eV)  Dist 
  1   -4288.2156  0.0000
  2   -4288.2157  0.1504
  3   -4288.2165  0.1527
  4   -4288.2302  0.1533
  5   -4288.2656  0.1525
  6   -4288.3238  0.1511
  7   -4288.3876  0.1464
  8   -4288.4206  0.1277
  9   -4288.4057  0.1269
 10   -4288.3602  0.1770
 11   -4288.2971  0.2224
 12   -4288.2453  0.2480
 13   -4288.2199  0.2539
 14   -4288.2151  0.2507
 15   -4288.2156  0.2625

VCNEB Calcualtion Step   85

Image  Energy-(eV)  Dist 
  1   -4288.2156  0.0000
  2   -4288.2157  0.1505
  3   -4288.2165  0.1527
  4   -4288.2302  0.1533
  5   -4288.2657  0.1525
  6   -4288.3238  0.1511
  7   -4288.3876  0.1464
  8   -4288.4206  0.1276
  9   -4288.4058  0.1263
 10   -4288.3606  0.1764
 11   -4288.2975  0.2222
 12   -4288.2455  0.2482
 13   -4288.2199  0.2542
 14   -4288.2151  0.2511
 15   -4288.2156  0.2630

VCNEB Calcualtion Step   86

Image  Energy-(eV)  Dist 
  1   -4288.2156  0.0000
  2   -4288.2157  0.1505
  3   -4288.2165  0.1528
  4   -4288.2302  0.1534
  5   -4288.2657  0.1526
  6   -4288.3239  0.1512
  7   -4288.3876  0.1463
  8   -4288.4206  0.1274
  9   -4288.4059  0.1257
 10   -4288.3610  0.1759
 11   -4288.2979  0.2220
 12   -4288.2457  0.2484
 13   -4288.2200  0.2546
 14   -4288.2151  0.2516
 15   -4288.2156  0.2635

VCNEB Calcualtion Step   87

Image  Energy-(eV)  Dist 
  1   -4288.2156  0.0000
  2   -4288.2157  0.1505
  3   -4288.2165  0.1528
  4   -4288.2302  0.1535
  5   -4288.2657  0.1526
  6   -4288.3239  0.1512
  7   -4288.3876  0.1463
  8   -4288.4206  0.1273
  9   -4288.4061  0.1251
 10   -4288.3614  0.1753
 11   -4288.2983  0.2218
 12   -4288.2459  0.2486
 13   -4288.2200  0.2550
 14   -4288.2151  0.2520
 15   -4288.2156  0.2639

VCNEB Calcualtion Step   88

Image  Energy-(eV)  Dist 
  1   -4288.2156  0.0000
  2   -4288.2157  0.1505
  3   -4288.2165  0.1529
  4   -4288.2302  0.1535
  5   -4288.2657  0.1527
  6   -4288.3239  0.1512
  7   -4288.3876  0.1462
  8   -4288.4206  0.1271
  9   -4288.4062  0.1245
 10   -4288.3617  0.1747
 11   -4288.2987  0.2216
 12   -4288.2461  0.2487
 13   -4288.2200  0.2553
 14   -4288.2151  0.2524
 15   -4288.2156  0.2644

VCNEB Calcualtion Step   89

Image  Energy-(eV)  Dist 
  1   -4288.2156  0.0000
  2   -4288.2157  0.1505
  3   -4288.2165  0.1529
  4   -4288.2302  0.1536
  5   -4288.2657  0.1527
  6   -4288.3239  0.1512
  7   -4288.3876  0.1461
  8   -4288.4206  0.1270
  9   -4288.4063  0.1239
 10   -4288.3621  0.1742
 11   -4288.2990  0.2214
 12   -4288.2463  0.2489
 13   -4288.2201  0.2557
 14   -4288.2151  0.2528
 15   -4288.2156  0.2649

VCNEB Calcualtion Step   90

Image  Energy-(eV)  Dist 
  1   -4288.2156  0.0000
  2   -4288.2157  0.1506
  3   -4288.2165  0.1530
  4   -4288.2302  0.1536
  5   -4288.2658  0.1528
  6   -4288.3240  0.1513
  7   -4288.3876  0.1461
  8   -4288.4206  0.1268
  9   -4288.4065  0.1233
 10   -4288.3625  0.1736
 11   -4288.2994  0.2212
 12   -4288.2465  0.2491
 13   -4288.2201  0.2561
 14   -4288.2151  0.2532
 15   -4288.2156  0.2653

VCNEB Calcualtion Step   91

Image  Energy-(eV)  Dist 
  1   -4288.2156  0.0000
  2   -4288.2157  0.1506
  3   -4288.2165  0.1530
  4   -4288.2302  0.1537
  5   -4288.2658  0.1528
  6   -4288.3240  0.1513
  7   -4288.3876  0.1460
  8   -4288.4206  0.1267
  9   -4288.4066  0.1228
 10   -4288.3628  0.1731
 11   -4288.2998  0.2210
 12   -4288.2467  0.2492
 13   -4288.2202  0.2564
 14   -4288.2151  0.2536
 15   -4288.2156  0.2658

VCNEB Calcualtion Step   92

Image  Energy-(eV)  Dist 
  1   -4288.2156  0.0000
  2   -4288.2157  0.1506
  3   -4288.2165  0.1531
  4   -4288.2302  0.1538
  5   -4288.2658  0.1529
  6   -4288.3240  0.1513
  7   -4288.3876  0.1460
  8   -4288.4206  0.1265
  9   -4288.4067  0.1222
 10   -4288.3632  0.1725
 11   -4288.3002  0.2208
 12   -4288.2469  0.2494
 13   -4288.2202  0.2568
 14   -4288.2151  0.2540
 15   -4288.2156  0.2663

VCNEB Calcualtion Step   93

Image  Energy-(eV)  Dist 
  1   -4288.2156  0.0000
  2   -4288.2157  0.1506
  3   -4288.2165  0.1531
  4   -4288.2302  0.1538
  5   -4288.2658  0.1529
  6   -4288.3241  0.1513
  7   -4288.3876  0.1459
  8   -4288.4207  0.1264
  9   -4288.4068  0.1216
 10   -4288.3635  0.1719
 11   -4288.3006  0.2205
 12   -4288.2471  0.2496
 13   -4288.2203  0.2572
 14   -4288.2151  0.2545
 15   -4288.2156  0.2668

VCNEB Calcualtion Step   94

Image  Energy-(eV)  Dist 
  1   -4288.2156  0.0000
  2   -4288.2157  0.1506
  3   -4288.2165  0.1532
  4   -4288.2302  0.1539
  5   -4288.2659  0.1530
  6   -4288.3241  0.1514
  7   -4288.3876  0.1459
  8   -4288.4207  0.1262
  9   -4288.4070  0.1210
 10   -4288.3639  0.1714
 11   -4288.3010  0.2203
 12   -4288.2473  0.2497
 13   -4288.2203  0.2575
 14   -4288.2151  0.2549
 15   -4288.2156  0.2672

VCNEB Calcualtion Step   95

Image  Energy-(eV)  Dist 
  1   -4288.2156  0.0000
  2   -4288.2158  0.1507
  3   -4288.2165  0.1532
  4   -4288.2303  0.1540
  5   -4288.2659  0.1530
  6   -4288.3241  0.1514
  7   -4288.3876  0.1458
  8   -4288.4207  0.1261
  9   -4288.4071  0.1205
 10   -4288.3643  0.1708
 11   -4288.3014  0.2201
 12   -4288.2475  0.2499
 13   -4288.2204  0.2579
 14   -4288.2151  0.2553
 15   -4288.2156  0.2677

VCNEB Calcualtion Step   96

Image  Energy-(eV)  Dist 
  1   -4288.2156  0.0000
  2   -4288.2158  0.1507
  3   -4288.2165  0.1533
  4   -4288.2303  0.1540
  5   -4288.2659  0.1531
  6   -4288.3242  0.1514
  7   -4288.3876  0.1457
  8   -4288.4207  0.1259
  9   -4288.4072  0.1199
 10   -4288.3646  0.1703
 11   -4288.3018  0.2199
 12   -4288.2477  0.2500
 13   -4288.2204  0.2583
 14   -4288.2151  0.2557
 15   -4288.2156  0.2682

VCNEB Calcualtion Step   97

Image  Energy-(eV)  Dist 
  1   -4288.2156  0.0000
  2   -4288.2158  0.1507
  3   -4288.2165  0.1533
  4   -4288.2303  0.1541
  5   -4288.2659  0.1532
  6   -4288.3242  0.1514
  7   -4288.3876  0.1457
  8   -4288.4207  0.1258
  9   -4288.4073  0.1194
 10   -4288.3650  0.1697
 11   -4288.3022  0.2196
 12   -4288.2479  0.2502
 13   -4288.2204  0.2586
 14   -4288.2151  0.2561
 15   -4288.2156  0.2686

VCNEB Calcualtion Step   98

Image  Energy-(eV)  Dist 
  1   -4288.2156  0.0000
  2   -4288.2158  0.1507
  3   -4288.2165  0.1534
  4   -4288.2303  0.1541
  5   -4288.2660  0.1532
  6   -4288.3242  0.1514
  7   -4288.3876  0.1456
  8   -4288.4207  0.1256
  9   -4288.4075  0.1188
 10   -4288.3653  0.1692
 11   -4288.3025  0.2194
 12   -4288.2481  0.2503
 13   -4288.2205  0.2590
 14   -4288.2151  0.2566
 15   -4288.2156  0.2691

VCNEB Calcualtion Step   99

Image  Energy-(eV)  Dist 
  1   -4288.2156  0.0000
  2   -4288.2158  0.1507
  3   -4288.2165  0.1534
  4   -4288.2303  0.1542
  5   -4288.2660  0.1533
  6   -4288.3243  0.1515
  7   -4288.3876  0.1456
  8   -4288.4207  0.1255
  9   -4288.4076  0.1183
 10   -4288.3657  0.1686
 11   -4288.3029  0.2192
 12   -4288.2483  0.2505
 13   -4288.2205  0.2593
 14   -4288.2151  0.2570
 15   -4288.2156  0.2696

VCNEB Calcualtion Step  100

Image  Energy-(eV)  Dist 
  1   -4288.2156  0.0000
  2   -4288.2158  0.1508
  3   -4288.2165  0.1535
  4   -4288.2303  0.1543
  5   -4288.2660  0.1533
  6   -4288.3243  0.1515
  7   -4288.3877  0.1455
  8   -4288.4207  0.1253
  9   -4288.4077  0.1177
 10   -4288.3660  0.1681
 11   -4288.3033  0.2189
 12   -4288.2485  0.2506
 13   -4288.2206  0.2597
 14   -4288.2151  0.2574
 15   -4288.2156  0.2701

VCNEB Calcualtion Step  101

Image  Energy-(eV)  Dist 
  1   -4288.2156  0.0000
  2   -4288.2158  0.1508
  3   -4288.2165  0.1535
  4   -4288.2303  0.1543
  5   -4288.2660  0.1534
  6   -4288.3244  0.1515
  7   -4288.3877  0.1454
  8   -4288.4207  0.1252
  9   -4288.4078  0.1172
 10   -4288.3664  0.1675
 11   -4288.3037  0.2187
 12   -4288.2488  0.2508
 13   -4288.2206  0.2600
 14   -4288.2151  0.2578
 15   -4288.2156  0.2705

VCNEB Calcualtion Step  102

Image  Energy-(eV)  Dist 
  1   -4288.2156  0.0000
  2   -4288.2158  0.1508
  3   -4288.2165  0.1536
  4   -4288.2303  0.1544
  5   -4288.2661  0.1534
  6   -4288.3244  0.1515
  7   -4288.3877  0.1454
  8   -4288.4207  0.1250
  9   -4288.4079  0.1166
 10   -4288.3667  0.1670
 11   -4288.3041  0.2184
 12   -4288.2490  0.2509
 13   -4288.2207  0.2604
 14   -4288.2151  0.2583
 15   -4288.2156  0.2710

VCNEB Calcualtion Step  103

Image  Energy-(eV)  Dist 
  1   -4288.2156  0.0000
  2   -4288.2158  0.1508
  3   -4288.2165  0.1536
  4   -4288.2303  0.1544
  5   -4288.2661  0.1535
  6   -4288.3244  0.1515
  7   -4288.3877  0.1453
  8   -4288.4207  0.1249
  9   -4288.4081  0.1161
 10   -4288.3671  0.1664
 11   -4288.3045  0.2182
 12   -4288.2492  0.2510
 13   -4288.2207  0.2608
 14   -4288.2151  0.2587
 15   -4288.2156  0.2715

VCNEB Calcualtion Step  104

Image  Energy-(eV)  Dist 
  1   -4288.2156  0.0000
  2   -4288.2158  0.1508
  3   -4288.2165  0.1537
  4   -4288.2304  0.1545
  5   -4288.2661  0.1535
  6   -4288.3245  0.1516
  7   -4288.3877  0.1453
  8   -4288.4207  0.1247
  9   -4288.4082  0.1156
 10   -4288.3674  0.1659
 11   -4288.3049  0.2180
 12   -4288.2494  0.2511
 13   -4288.2208  0.2611
 14   -4288.2151  0.2591
 15   -4288.2156  0.2720

VCNEB Calcualtion Step  105

Image  Energy-(eV)  Dist 
  1   -4288.2156  0.0000
  2   -4288.2158  0.1509
  3   -4288.2166  0.1537
  4   -4288.2304  0.1546
  5   -4288.2662  0.1536
  6   -4288.3245  0.1516
  7   -4288.3877  0.1452
  8   -4288.4207  0.1246
  9   -4288.4083  0.1150
 10   -4288.3678  0.1653
 11   -4288.3053  0.2177
 12   -4288.2496  0.2513
 13   -4288.2208  0.2615
 14   -4288.2150  0.2595
 15   -4288.2156  0.2724

VCNEB Calcualtion Step  106

Image  Energy-(eV)  Dist 
  1   -4288.2156  0.0000
  2   -4288.2158  0.1509
  3   -4288.2166  0.1538
  4   -4288.2304  0.1546
  5   -4288.2662  0.1536
  6   -4288.3246  0.1516
  7   -4288.3877  0.1451
  8   -4288.4207  0.1244
  9   -4288.4084  0.1145
 10   -4288.3681  0.1648
 11   -4288.3057  0.2174
 12   -4288.2498  0.2514
 13   -4288.2209  0.2618
 14   -4288.2150  0.2600
 15   -4288.2156  0.2729

VCNEB Calcualtion Step  107

Image  Energy-(eV)  Dist 
  1   -4288.2156  0.0000
  2   -4288.2158  0.1509
  3   -4288.2166  0.1538
  4   -4288.2304  0.1547
  5   -4288.2662  0.1537
  6   -4288.3246  0.1516
  7   -4288.3877  0.1451
  8   -4288.4207  0.1243
  9   -4288.4085  0.1140
 10   -4288.3685  0.1642
 11   -4288.3061  0.2172
 12   -4288.2500  0.2515
 13   -4288.2209  0.2622
 14   -4288.2150  0.2604
 15   -4288.2156  0.2734

VCNEB Calcualtion Step  108

Image  Energy-(eV)  Dist 
  1   -4288.2156  0.0000
  2   -4288.2158  0.1509
  3   -4288.2166  0.1539
  4   -4288.2304  0.1548
  5   -4288.2663  0.1538
  6   -4288.3247  0.1516
  7   -4288.3878  0.1450
  8   -4288.4207  0.1241
  9   -4288.4086  0.1134
 10   -4288.3688  0.1637
 11   -4288.3065  0.2169
 12   -4288.2503  0.2516
 13   -4288.2210  0.2625
 14   -4288.2150  0.2608
 15   -4288.2156  0.2739

VCNEB Calcualtion Step  109

Image  Energy-(eV)  Dist 
  1   -4288.2156  0.0000
  2   -4288.2158  0.1509
  3   -4288.2166  0.1539
  4   -4288.2304  0.1548
  5   -4288.2663  0.1538
  6   -4288.3247  0.1516
  7   -4288.3878  0.1449
  8   -4288.4207  0.1239
  9   -4288.4087  0.1129
 10   -4288.3691  0.1632
 11   -4288.3069  0.2167
 12   -4288.2505  0.2517
 13   -4288.2210  0.2629
 14   -4288.2150  0.2613
 15   -4288.2156  0.2743

VCNEB Calcualtion Step  110

Image  Energy-(eV)  Dist 
  1   -4288.2156  0.0000
  2   -4288.2158  0.1509
  3   -4288.2166  0.1540
  4   -4288.2304  0.1549
  5   -4288.2663  0.1539
  6   -4288.3248  0.1517
  7   -4288.3878  0.1449
  8   -4288.4207  0.1238
  9   -4288.4089  0.1124
 10   -4288.3695  0.1626
 11   -4288.3073  0.2164
 12   -4288.2507  0.2519
 13   -4288.2211  0.2632
 14   -4288.2150  0.2617
 15   -4288.2156  0.2748

VCNEB Calcualtion Step  111

Image  Energy-(eV)  Dist 
  1   -4288.2156  0.0000
  2   -4288.2158  0.1510
  3   -4288.2166  0.1541
  4   -4288.2304  0.1549
  5   -4288.2664  0.1539
  6   -4288.3248  0.1517
  7   -4288.3878  0.1448
  8   -4288.4208  0.1236
  9   -4288.4090  0.1119
 10   -4288.3698  0.1621
 11   -4288.3076  0.2161
 12   -4288.2509  0.2520
 13   -4288.2211  0.2636
 14   -4288.2150  0.2621
 15   -4288.2156  0.2753

VCNEB Calcualtion Step  112

Image  Energy-(eV)  Dist 
  1   -4288.2156  0.0000
  2   -4288.2158  0.1510
  3   -4288.2166  0.1541
  4   -4288.2305  0.1550
  5   -4288.2664  0.1540
  6   -4288.3249  0.1517
  7   -4288.3878  0.1447
  8   -4288.4207  0.1234
  9   -4288.4091  0.1114
 10   -4288.3701  0.1615
 11   -4288.3080  0.2159
 12   -4288.2512  0.2521
 13   -4288.2212  0.2639
 14   -4288.2150  0.2626
 15   -4288.2156  0.2758

VCNEB Calcualtion Step  113

Image  Energy-(eV)  Dist 
  1   -4288.2156  0.0000
  2   -4288.2158  0.1510
  3   -4288.2166  0.1541
  4   -4288.2305  0.1551
  5   -4288.2665  0.1540
  6   -4288.3249  0.1517
  7   -4288.3878  0.1446
  8   -4288.4207  0.1233
  9   -4288.4092  0.1108
 10   -4288.3705  0.1610
 11   -4288.3084  0.2156
 12   -4288.2514  0.2522
 13   -4288.2213  0.2643
 14   -4288.2150  0.2630
 15   -4288.2156  0.2763

VCNEB Calcualtion Step  114

Image  Energy-(eV)  Dist 
  1   -4288.2156  0.0000
  2   -4288.2158  0.1510
  3   -4288.2166  0.1542
  4   -4288.2305  0.1551
  5   -4288.2665  0.1541
  6   -4288.3250  0.1517
  7   -4288.3878  0.1446
  8   -4288.4207  0.1231
  9   -4288.4093  0.1103
 10   -4288.3708  0.1605
 11   -4288.3088  0.2153
 12   -4288.2516  0.2523
 13   -4288.2213  0.2646
 14   -4288.2150  0.2634
 15   -4288.2156  0.2767

VCNEB Calcualtion Step  115

Image  Energy-(eV)  Dist 
  1   -4288.2156  0.0000
  2   -4288.2158  0.1510
  3   -4288.2166  0.1542
  4   -4288.2305  0.1552
  5   -4288.2665  0.1541
  6   -4288.3250  0.1517
  7   -4288.3879  0.1445
  8   -4288.4207  0.1229
  9   -4288.4094  0.1098
 10   -4288.3711  0.1599
 11   -4288.3092  0.2151
 12   -4288.2518  0.2524
 13   -4288.2214  0.2649
 14   -4288.2150  0.2639
 15   -4288.2156  0.2772

VCNEB Calcualtion Step  116

Image  Energy-(eV)  Dist 
  1   -4288.2156  0.0000
  2   -4288.2158  0.1511
  3   -4288.2166  0.1543
  4   -4288.2305  0.1552
  5   -4288.2666  0.1542
  6   -4288.3251  0.1517
  7   -4288.3879  0.1444
  8   -4288.4207  0.1228
  9   -4288.4095  0.1093
 10   -4288.3715  0.1594
 11   -4288.3096  0.2148
 12   -4288.2521  0.2525
 13   -4288.2214  0.2653
 14   -4288.2150  0.2643
 15   -4288.2156  0.2777

VCNEB Calcualtion Step  117

Image  Energy-(eV)  Dist 
  1   -4288.2156  0.0000
  2   -4288.2158  0.1511
  3   -4288.2166  0.1543
  4   -4288.2305  0.1553
  5   -4288.2666  0.1542
  6   -4288.3251  0.1518
  7   -4288.3879  0.1444
  8   -4288.4207  0.1226
  9   -4288.4096  0.1088
 10   -4288.3718  0.1589
 11   -4288.3100  0.2145
 12   -4288.2523  0.2526
 13   -4288.2215  0.2656
 14   -4288.2150  0.2647
 15   -4288.2156  0.2782

VCNEB Calcualtion Step  118

Image  Energy-(eV)  Dist 
  1   -4288.2156  0.0000
  2   -4288.2158  0.1511
  3   -4288.2166  0.1544
  4   -4288.2305  0.1554
  5   -4288.2667  0.1543
  6   -4288.3252  0.1518
  7   -4288.3879  0.1443
  8   -4288.4208  0.1224
  9   -4288.4097  0.1083
 10   -4288.3721  0.1584
 11   -4288.3104  0.2142
 12   -4288.2525  0.2526
 13   -4288.2215  0.2660
 14   -4288.2150  0.2652
 15   -4288.2156  0.2787

VCNEB Calcualtion Step  119

Image  Energy-(eV)  Dist 
  1   -4288.2156  0.0000
  2   -4288.2158  0.1511
  3   -4288.2166  0.1544
  4   -4288.2306  0.1554
  5   -4288.2667  0.1543
  6   -4288.3252  0.1518
  7   -4288.3879  0.1442
  8   -4288.4207  0.1223
  9   -4288.4098  0.1078
 10   -4288.3724  0.1578
 11   -4288.3108  0.2139
 12   -4288.2527  0.2527
 13   -4288.2216  0.2663
 14   -4288.2150  0.2656
 15   -4288.2156  0.2792

VCNEB Calcualtion Step  120

Image  Energy-(eV)  Dist 
  1   -4288.2156  0.0000
  2   -4288.2158  0.1511
  3   -4288.2166  0.1545
  4   -4288.2306  0.1555
  5   -4288.2668  0.1544
  6   -4288.3253  0.1518
  7   -4288.3880  0.1441
  8   -4288.4207  0.1221
  9   -4288.4099  0.1073
 10   -4288.3727  0.1573
 11   -4288.3112  0.2136
 12   -4288.2530  0.2528
 13   -4288.2217  0.2667
 14   -4288.2150  0.2660
 15   -4288.2156  0.2797

VCNEB Calcualtion Step  121

Image  Energy-(eV)  Dist 
  1   -4288.2156  0.0000
  2   -4288.2158  0.1512
  3   -4288.2166  0.1545
  4   -4288.2306  0.1556
  5   -4288.2668  0.1544
  6   -4288.3254  0.1518
  7   -4288.3880  0.1441
  8   -4288.4207  0.1219
  9   -4288.4100  0.1068
 10   -4288.3731  0.1568
 11   -4288.3116  0.2134
 12   -4288.2532  0.2529
 13   -4288.2217  0.2670
 14   -4288.2150  0.2665
 15   -4288.2156  0.2801

VCNEB Calcualtion Step  122

Image  Energy-(eV)  Dist 
  1   -4288.2156  0.0000
  2   -4288.2158  0.1512
  3   -4288.2166  0.1546
  4   -4288.2306  0.1556
  5   -4288.2668  0.1545
  6   -4288.3254  0.1518
  7   -4288.3880  0.1440
  8   -4288.4207  0.1217
  9   -4288.4101  0.1063
 10   -4288.3734  0.1562
 11   -4288.3120  0.2131
 12   -4288.2534  0.2530
 13   -4288.2218  0.2673
 14   -4288.2150  0.2669
 15   -4288.2156  0.2806

VCNEB Calcualtion Step  123

Image  Energy-(eV)  Dist 
  1   -4288.2156  0.0000
  2   -4288.2158  0.1512
  3   -4288.2166  0.1546
  4   -4288.2306  0.1557
  5   -4288.2669  0.1545
  6   -4288.3255  0.1518
  7   -4288.3880  0.1439
  8   -4288.4207  0.1215
  9   -4288.4102  0.1059
 10   -4288.3737  0.1557
 11   -4288.3124  0.2128
 12   -4288.2537  0.2530
 13   -4288.2218  0.2677
 14   -4288.2150  0.2674
 15   -4288.2156  0.2811

VCNEB Calcualtion Step  124

Image  Energy-(eV)  Dist 
  1   -4288.2156  0.0000
  2   -4288.2158  0.1512
  3   -4288.2166  0.1547
  4   -4288.2306  0.1557
  5   -4288.2669  0.1546
  6   -4288.3255  0.1518
  7   -4288.3880  0.1438
  8   -4288.4207  0.1214
  9   -4288.4103  0.1054
 10   -4288.3740  0.1552
 11   -4288.3128  0.2125
 12   -4288.2539  0.2531
 13   -4288.2219  0.2680
 14   -4288.2150  0.2678
 15   -4288.2156  0.2816

VCNEB Calcualtion Step  125

Image  Energy-(eV)  Dist 
  1   -4288.2156  0.0000
  2   -4288.2158  0.1512
  3   -4288.2166  0.1547
  4   -4288.2307  0.1558
  5   -4288.2670  0.1546
  6   -4288.3256  0.1518
  7   -4288.3881  0.1438
  8   -4288.4207  0.1212
  9   -4288.4104  0.1049
 10   -4288.3743  0.1547
 11   -4288.3131  0.2122
 12   -4288.2541  0.2532
 13   -4288.2219  0.2683
 14   -4288.2150  0.2682
 15   -4288.2156  0.2821

VCNEB Calcualtion Step  126

Image  Energy-(eV)  Dist 
  1   -4288.2156  0.0000
  2   -4288.2158  0.1513
  3   -4288.2166  0.1548
  4   -4288.2307  0.1559
  5   -4288.2670  0.1547
  6   -4288.3257  0.1519
  7   -4288.3881  0.1437
  8   -4288.4207  0.1210
  9   -4288.4105  0.1044
 10   -4288.3746  0.1542
 11   -4288.3135  0.2119
 12   -4288.2544  0.2532
 13   -4288.2220  0.2687
 14   -4288.2150  0.2687
 15   -4288.2156  0.2826

VCNEB Calcualtion Step  127

Image  Energy-(eV)  Dist 
  1   -4288.2156  0.0000
  2   -4288.2158  0.1513
  3   -4288.2166  0.1548
  4   -4288.2307  0.1559
  5   -4288.2670  0.1547
  6   -4288.3257  0.1519
  7   -4288.3881  0.1436
  8   -4288.4207  0.1208
  9   -4288.4106  0.1039
 10   -4288.3749  0.1536
 11   -4288.3139  0.2116
 12   -4288.2546  0.2533
 13   -4288.2221  0.2690
 14   -4288.2150  0.2691
 15   -4288.2156  0.2831

VCNEB Calcualtion Step  128

Image  Energy-(eV)  Dist 
  1   -4288.2156  0.0000
  2   -4288.2158  0.1513
  3   -4288.2166  0.1549
  4   -4288.2307  0.1560
  5   -4288.2671  0.1548
  6   -4288.3258  0.1519
  7   -4288.3881  0.1435
  8   -4288.4207  0.1206
  9   -4288.4107  0.1035
 10   -4288.3752  0.1531
 11   -4288.3143  0.2113
 12   -4288.2549  0.2534
 13   -4288.2221  0.2693
 14   -4288.2150  0.2696
 15   -4288.2156  0.2836

VCNEB Calcualtion Step  129

Image  Energy-(eV)  Dist 
  1   -4288.2156  0.0000
  2   -4288.2158  0.1513
  3   -4288.2166  0.1549
  4   -4288.2307  0.1561
  5   -4288.2671  0.1549
  6   -4288.3258  0.1519
  7   -4288.3882  0.1434
  8   -4288.4207  0.1204
  9   -4288.4108  0.1030
 10   -4288.3755  0.1526
 11   -4288.3147  0.2110
 12   -4288.2551  0.2534
 13   -4288.2222  0.2697
 14   -4288.2150  0.2700
 15   -4288.2156  0.2841

VCNEB Calcualtion Step  130

Image  Energy-(eV)  Dist 
  1   -4288.2156  0.0000
  2   -4288.2158  0.1513
  3   -4288.2166  0.1550
  4   -4288.2307  0.1561
  5   -4288.2672  0.1549
  6   -4288.3259  0.1519
  7   -4288.3882  0.1434
  8   -4288.4207  0.1202
  9   -4288.4109  0.1025
 10   -4288.3758  0.1521
 11   -4288.3151  0.2107
 12   -4288.2553  0.2535
 13   -4288.2223  0.2700
 14   -4288.2150  0.2704
 15   -4288.2156  0.2846

VCNEB Calcualtion Step  131

Image  Energy-(eV)  Dist 
  1   -4288.2156  0.0000
  2   -4288.2158  0.1514
  3   -4288.2166  0.1550
  4   -4288.2308  0.1562
  5   -4288.2672  0.1550
  6   -4288.3259  0.1519
  7   -4288.3882  0.1527
  8   -4288.4207  0.1200
  9   -4288.4110  0.1020
 10   -4288.3761  0.1516
 11   -4288.3155  0.2104
 12   -4288.2556  0.2535
 13   -4288.2223  0.2703
 14   -4288.2149  0.2709
 15   -4288.2156  0.2851

VCNEB Calcualtion Step  132

Image  Energy-(eV)  Dist 
  1   -4288.2156  0.0000
  2   -4288.2158  0.1514
  3   -4288.2166  0.1551
  4   -4288.2308  0.1562
  5   -4288.2673  0.1550
  6   -4288.3261  0.1520
  7   -4288.3887  0.1441
  8   -4288.4207  0.1194
  9   -4288.4111  0.1016
 10   -4288.3764  0.1511
 11   -4288.3159  0.2101
 12   -4288.2558  0.2536
 13   -4288.2224  0.2706
 14   -4288.2149  0.2713
 15   -4288.2156  0.2856

VCNEB Calcualtion Step  133

Image  Energy-(eV)  Dist 
  1   -4288.2156  0.0000
  2   -4288.2158  0.1514
  3   -4288.2166  0.1551
  4   -4288.2308  0.1563
  5   -4288.2673  0.1551
  6   -4288.3261  0.1520
  7   -4288.3887  0.1440
  8   -4288.4207  0.1192
  9   -4288.4112  0.1011
 10   -4288.3767  0.1505
 11   -4288.3163  0.2097
 12   -4288.2561  0.2536
 13   -4288.2225  0.2710
 14   -4288.2149  0.2718
 15   -4288.2156  0.2861

VCNEB Calcualtion Step  134

Image  Energy-(eV)  Dist 
  1   -4288.2156  0.0000
  2   -4288.2158  0.1514
  3   -4288.2166  0.1552
  4   -4288.2308  0.1564
  5   -4288.2674  0.1551
  6   -4288.3262  0.1520
  7   -4288.3887  0.1439
  8   -4288.4207  0.1190
  9   -4288.4112  0.1007
 10   -4288.3770  0.1500
 11   -4288.3167  0.2094
 12   -4288.2563  0.2537
 13   -4288.2225  0.2713
 14   -4288.2149  0.2722
 15   -4288.2156  0.2866

VCNEB Calcualtion Step  135

Image  Energy-(eV)  Dist 
  1   -4288.2156  0.0000
  2   -4288.2158  0.1514
  3   -4288.2166  0.1552
  4   -4288.2308  0.1564
  5   -4288.2674  0.1552
  6   -4288.3262  0.1520
  7   -4288.3887  0.1438
  8   -4288.4207  0.1188
  9   -4288.4113  0.1002
 10   -4288.3773  0.1495
 11   -4288.3171  0.2091
 12   -4288.2565  0.2537
 13   -4288.2226  0.2716
 14   -4288.2149  0.2727
 15   -4288.2156  0.2871

VCNEB Calcualtion Step  136

Image  Energy-(eV)  Dist 
  1   -4288.2156  0.0000
  2   -4288.2158  0.1515
  3   -4288.2167  0.1553
  4   -4288.2308  0.1565
  5   -4288.2675  0.1552
  6   -4288.3263  0.1520
  7   -4288.3887  0.1437
  8   -4288.4207  0.1186
  9   -4288.4114  0.0998
 10   -4288.3776  0.1490
 11   -4288.3175  0.2088
 12   -4288.2568  0.2537
 13   -4288.2226  0.2719
 14   -4288.2149  0.2731
 15   -4288.2156  0.2876

VCNEB Calcualtion Step  137

Image  Energy-(eV)  Dist 
  1   -4288.2156  0.0000
  2   -4288.2158  0.1515
  3   -4288.2167  0.1553
  4   -4288.2309  0.1565
  5   -4288.2675  0.1553
  6   -4288.3264  0.1520
  7   -4288.3888  0.1436
  8   -4288.4207  0.1184
  9   -4288.4115  0.0993
 10   -4288.3779  0.1485
 11   -4288.3178  0.2085
 12   -4288.2570  0.2538
 13   -4288.2227  0.2723
 14   -4288.2149  0.2735
 15   -4288.2156  0.2881

VCNEB Calcualtion Step  138

Image  Energy-(eV)  Dist 
  1   -4288.2156  0.0000
  2   -4288.2158  0.1515
  3   -4288.2167  0.1554
  4   -4288.2309  0.1566
  5   -4288.2676  0.1553
  6   -4288.3264  0.1520
  7   -4288.3888  0.1520
  8   -4288.4207  0.1182
  9   -4288.4116  0.0989
 10   -4288.3782  0.1480
 11   -4288.3182  0.2082
 12   -4288.2573  0.2538
 13   -4288.2228  0.2726
 14   -4288.2149  0.2740
 15   -4288.2156  0.2886

VCNEB Calcualtion Step  139

Image  Energy-(eV)  Dist 
  1   -4288.2156  0.0000
  2   -4288.2158  0.1515
  3   -4288.2167  0.1554
  4   -4288.2309  0.1567
  5   -4288.2676  0.1554
  6   -4288.3265  0.1521
  7   -4288.3892  0.1443
  8   -4288.4206  0.1175
  9   -4288.4117  0.0984
 10   -4288.3785  0.1475
 11   -4288.3186  0.2078
 12   -4288.2575  0.2538
 13   -4288.2228  0.2729
 14   -4288.2149  0.2744
 15   -4288.2156  0.2891

VCNEB Calcualtion Step  140

Image  Energy-(eV)  Dist 
  1   -4288.2156  0.0000
  2   -4288.2158  0.1515
  3   -4288.2167  0.1555
  4   -4288.2309  0.1567
  5   -4288.2677  0.1554
  6   -4288.3266  0.1521
  7   -4288.3892  0.1442
  8   -4288.4206  0.1173
  9   -4288.4118  0.0980
 10   -4288.3788  0.1470
 11   -4288.3190  0.2075
 12   -4288.2578  0.2538
 13   -4288.2229  0.2732
 14   -4288.2149  0.2749
 15   -4288.2156  0.2896

VCNEB Calcualtion Step  141

Image  Energy-(eV)  Dist 
  1   -4288.2156  0.0000
  2   -4288.2158  0.1516
  3   -4288.2167  0.1555
  4   -4288.2309  0.1568
  5   -4288.2677  0.1555
  6   -4288.3267  0.1521
  7   -4288.3893  0.1441
  8   -4288.4206  0.1171
  9   -4288.4118  0.0976
 10   -4288.3790  0.1465
 11   -4288.3194  0.2072
 12   -4288.2580  0.2539
 13   -4288.2230  0.2735
 14   -4288.2149  0.2753
 15   -4288.2156  0.2901

VCNEB Calcualtion Step  142

Image  Energy-(eV)  Dist 
  1   -4288.2156  0.0000
  2   -4288.2158  0.1516
  3   -4288.2167  0.1556
  4   -4288.2310  0.1569
  5   -4288.2678  0.1555
  6   -4288.3268  0.1522
  7   -4288.3893  0.1439
  8   -4288.4206  0.1169
  9   -4288.4119  0.0972
 10   -4288.3793  0.1460
 11   -4288.3198  0.2069
 12   -4288.2583  0.2539
 13   -4288.2230  0.2738
 14   -4288.2149  0.2758
 15   -4288.2156  0.2906

VCNEB Calcualtion Step  143

Image  Energy-(eV)  Dist 
  1   -4288.2156  0.0000
  2   -4288.2158  0.1516
  3   -4288.2167  0.1556
  4   -4288.2310  0.1569
  5   -4288.2678  0.1556
  6   -4288.3268  0.1522
  7   -4288.3893  0.1438
  8   -4288.4206  0.1167
  9   -4288.4120  0.0967
 10   -4288.3796  0.1455
 11   -4288.3202  0.2065
 12   -4288.2585  0.2539
 13   -4288.2231  0.2741
 14   -4288.2149  0.2762
 15   -4288.2156  0.2911

VCNEB Calcualtion Step  144

Image  Energy-(eV)  Dist 
  1   -4288.2156  0.0000
  2   -4288.2158  0.1516
  3   -4288.2167  0.1557
  4   -4288.2310  0.1570
  5   -4288.2679  0.1556
  6   -4288.3269  0.1522
  7   -4288.3893  0.1437
  8   -4288.4206  0.1165
  9   -4288.4121  0.0963
 10   -4288.3799  0.1450
 11   -4288.3206  0.2062
 12   -4288.2588  0.2539
 13   -4288.2232  0.2745
 14   -4288.2149  0.2767
 15   -4288.2156  0.2916

VCNEB Calcualtion Step  145

Image  Energy-(eV)  Dist 
  1   -4288.2156  0.0000
  2   -4288.2157  0.1516
  3   -4288.2167  0.1557
  4   -4288.2310  0.1570
  5   -4288.2679  0.1557
  6   -4288.3270  0.1522
  7   -4288.3893  0.1513
  8   -4288.4206  0.1163
  9   -4288.4122  0.0959
 10   -4288.3802  0.1445
 11   -4288.3210  0.2059
 12   -4288.2590  0.2539
 13   -4288.2233  0.2748
 14   -4288.2149  0.2771
 15   -4288.2156  0.2921

VCNEB Calcualtion Step  146

Image  Energy-(eV)  Dist 
  1   -4288.2156  0.0000
  2   -4288.2157  0.1517
  3   -4288.2167  0.1558
  4   -4288.2310  0.1571
  5   -4288.2680  0.1557
  6   -4288.3271  0.1523
  7   -4288.3897  0.1444
  8   -4288.4206  0.1157
  9   -4288.4122  0.0955
 10   -4288.3804  0.1440
 11   -4288.3213  0.2056
 12   -4288.2593  0.2539
 13   -4288.2233  0.2751
 14   -4288.2149  0.2776
 15   -4288.2156  0.2926

VCNEB Calcualtion Step  147

Image  Energy-(eV)  Dist 
  1   -4288.2156  0.0000
  2   -4288.2157  0.1517
  3   -4288.2167  0.1558
  4   -4288.2311  0.1572
  5   -4288.2680  0.1558
  6   -4288.3271  0.1523
  7   -4288.3898  0.1442
  8   -4288.4206  0.1154
  9   -4288.4123  0.0951
 10   -4288.3807  0.1435
 11   -4288.3217  0.2052
 12   -4288.2596  0.2539
 13   -4288.2234  0.2754
 14   -4288.2149  0.2780
 15   -4288.2156  0.2932

VCNEB Calcualtion Step  148

Image  Energy-(eV)  Dist 
  1   -4288.2156  0.0000
  2   -4288.2157  0.1517
  3   -4288.2167  0.1559
  4   -4288.2311  0.1572
  5   -4288.2681  0.1558
  6   -4288.3272  0.1523
  7   -4288.3898  0.1441
  8   -4288.4205  0.1152
  9   -4288.4124  0.0947
 10   -4288.3810  0.1430
 11   -4288.3221  0.2049
 12   -4288.2598  0.2540
 13   -4288.2235  0.2757
 14   -4288.2149  0.2785
 15   -4288.2156  0.2937

VCNEB Calcualtion Step  149

Image  Energy-(eV)  Dist 
  1   -4288.2156  0.0000
  2   -4288.2157  0.1517
  3   -4288.2167  0.1559
  4   -4288.2311  0.1573
  5   -4288.2681  0.1559
  6   -4288.3273  0.1523
  7   -4288.3898  0.1440
  8   -4288.4205  0.1150
  9   -4288.4125  0.0943
 10   -4288.3812  0.1425
 11   -4288.3225  0.2046
 12   -4288.2601  0.2540
 13   -4288.2235  0.2760
 14   -4288.2149  0.2789
 15   -4288.2156  0.2942

VCNEB Calcualtion Step  150

Image  Energy-(eV)  Dist 
  1   -4288.2156  0.0000
  2   -4288.2157  0.1517
  3   -4288.2167  0.1560
  4   -4288.2311  0.1573
  5   -4288.2682  0.1559
  6   -4288.3274  0.1523
  7   -4288.3898  0.1438
  8   -4288.4205  0.1148
  9   -4288.4126  0.0939
 10   -4288.3815  0.1421
 11   -4288.3229  0.2042
 12   -4288.2603  0.2540
 13   -4288.2236  0.2763
 14   -4288.2149  0.2794
 15   -4288.2156  0.2947

VCNEB Calcualtion Step  151

Image  Energy-(eV)  Dist 
  1   -4288.2156  0.0000
  2   -4288.2157  0.1518
  3   -4288.2167  0.1560
  4   -4288.2311  0.1574
  5   -4288.2682  0.1560
  6   -4288.3274  0.1523
  7   -4288.3898  0.1507
  8   -4288.4205  0.1146
  9   -4288.4126  0.0935
 10   -4288.3818  0.1416
 11   -4288.3233  0.2039
 12   -4288.2606  0.2540
 13   -4288.2237  0.2766
 14   -4288.2149  0.2798
 15   -4288.2156  0.2952

VCNEB Calcualtion Step  152

Image  Energy-(eV)  Dist 
  1   -4288.2156  0.0000
  2   -4288.2157  0.1518
  3   -4288.2167  0.1561
  4   -4288.2312  0.1575
  5   -4288.2683  0.1560
  6   -4288.3275  0.1524
  7   -4288.3902  0.1444
  8   -4288.4205  0.1140
  9   -4288.4127  0.0931
 10   -4288.3820  0.1411
 11   -4288.3237  0.2036
 12   -4288.2608  0.2540
 13   -4288.2238  0.2769
 14   -4288.2149  0.2803
 15   -4288.2156  0.2957

VCNEB Calcualtion Step  153

Image  Energy-(eV)  Dist 
  1   -4288.2156  0.0000
  2   -4288.2157  0.1518
  3   -4288.2167  0.1561
  4   -4288.2312  0.1575
  5   -4288.2683  0.1561
  6   -4288.3276  0.1524
  7   -4288.3902  0.1443
  8   -4288.4205  0.1137
  9   -4288.4128  0.0927
 10   -4288.3823  0.1406
 11   -4288.3241  0.2032
 12   -4288.2611  0.2539
 13   -4288.2238  0.2772
 14   -4288.2149  0.2807
 15   -4288.2156  0.2962

VCNEB Calcualtion Step  154

Image  Energy-(eV)  Dist 
  1   -4288.2156  0.0000
  2   -4288.2157  0.1518
  3   -4288.2167  0.1562
  4   -4288.2312  0.1576
  5   -4288.2684  0.1561
  6   -4288.3277  0.1525
  7   -4288.3902  0.1442
  8   -4288.4204  0.1135
  9   -4288.4128  0.0923
 10   -4288.3826  0.1401
 11   -4288.3244  0.2029
 12   -4288.2614  0.2539
 13   -4288.2239  0.2775
 14   -4288.2149  0.2812
 15   -4288.2156  0.2968

VCNEB Calcualtion Step  155

Image  Energy-(eV)  Dist 
  1   -4288.2156  0.0000
  2   -4288.2157  0.1518
  3   -4288.2167  0.1562
  4   -4288.2312  0.1577
  5   -4288.2684  0.1562
  6   -4288.3278  0.1525
  7   -4288.3903  0.1440
  8   -4288.4204  0.1133
  9   -4288.4129  0.0919
 10   -4288.3829  0.1396
 11   -4288.3248  0.2025
 12   -4288.2616  0.2539
 13   -4288.2240  0.2778
 14   -4288.2149  0.2816
 15   -4288.2156  0.2973

VCNEB Calcualtion Step  156

Image  Energy-(eV)  Dist 
  1   -4288.2156  0.0000
  2   -4288.2157  0.1519
  3   -4288.2167  0.1563
  4   -4288.2312  0.1577
  5   -4288.2685  0.1562
  6   -4288.3278  0.1525
  7   -4288.3903  0.1439
  8   -4288.4204  0.1131
  9   -4288.4130  0.0915
 10   -4288.3831  0.1392
 11   -4288.3252  0.2022
 12   -4288.2619  0.2539
 13   -4288.2241  0.2781
 14   -4288.2149  0.2821
 15   -4288.2156  0.2978

VCNEB Calcualtion Step  157

Image  Energy-(eV)  Dist 
  1   -4288.2156  0.0000
  2   -4288.2157  0.1519
  3   -4288.2167  0.1563
  4   -4288.2313  0.1578
  5   -4288.2685  0.1563
  6   -4288.3279  0.1525
  7   -4288.3903  0.1501
  8   -4288.4204  0.1129
  9   -4288.4131  0.0911
 10   -4288.3834  0.1387
 11   -4288.3256  0.2018
 12   -4288.2622  0.2539
 13   -4288.2241  0.2784
 14   -4288.2149  0.2825
 15   -4288.2156  0.2983

VCNEB Calcualtion Step  158

Image  Energy-(eV)  Dist 
  1   -4288.2156  0.0000
  2   -4288.2157  0.1519
  3   -4288.2167  0.1564
  4   -4288.2313  0.1578
  5   -4288.2686  0.1563
  6   -4288.3280  0.1526
  7   -4288.3907  0.1444
  8   -4288.4204  0.1123
  9   -4288.4131  0.0908
 10   -4288.3836  0.1382
 11   -4288.3260  0.2015
 12   -4288.2624  0.2539
 13   -4288.2242  0.2787
 14   -4288.2149  0.2830
 15   -4288.2156  0.2988

VCNEB Calcualtion Step  159

Image  Energy-(eV)  Dist 
  1   -4288.2156  0.0000
  2   -4288.2157  0.1519
  3   -4288.2167  0.1564
  4   -4288.2313  0.1579
  5   -4288.2687  0.1564
  6   -4288.3281  0.1526
  7   -4288.3907  0.1443
  8   -4288.4204  0.1121
  9   -4288.4132  0.0904
 10   -4288.3839  0.1377
 11   -4288.3263  0.2012
 12   -4288.2627  0.2538
 13   -4288.2243  0.2790
 14   -4288.2149  0.2834
 15   -4288.2156  0.2994

VCNEB Calcualtion Step  160

Image  Energy-(eV)  Dist 
  1   -4288.2156  0.0000
  2   -4288.2157  0.1519
  3   -4288.2167  0.1565
  4   -4288.2313  0.1580
  5   -4288.2687  0.1564
  6   -4288.3282  0.1526
  7   -4288.3907  0.1441
  8   -4288.4203  0.1118
  9   -4288.4133  0.0900
 10   -4288.3841  0.1373
 11   -4288.3267  0.2008
 12   -4288.2630  0.2538
 13   -4288.2244  0.2792
 14   -4288.2149  0.2839
 15   -4288.2156  0.2999

VCNEB Calcualtion Step  161

Image  Energy-(eV)  Dist 
  1   -4288.2156  0.0000
  2   -4288.2157  0.1520
  3   -4288.2167  0.1565
  4   -4288.2313  0.1580
  5   -4288.2688  0.1565
  6   -4288.3283  0.1526
  7   -4288.3907  0.1440
  8   -4288.4203  0.1116
  9   -4288.4133  0.0897
 10   -4288.3844  0.1368
 11   -4288.3271  0.2005
 12   -4288.2632  0.2538
 13   -4288.2244  0.2795
 14   -4288.2149  0.2843
 15   -4288.2156  0.3004

VCNEB Calcualtion Step  162

Image  Energy-(eV)  Dist 
  1   -4288.2156  0.0000
  2   -4288.2157  0.1520
  3   -4288.2167  0.1566
  4   -4288.2314  0.1581
  5   -4288.2688  0.1565
  6   -4288.3283  0.1526
  7   -4288.3907  0.1438
  8   -4288.4203  0.1114
  9   -4288.4134  0.0893
 10   -4288.3847  0.1363
 11   -4288.3275  0.2001
 12   -4288.2635  0.2538
 13   -4288.2245  0.2798
 14   -4288.2149  0.2848
 15   -4288.2156  0.3009

VCNEB Calcualtion Step  163

Image  Energy-(eV)  Dist 
  1   -4288.2156  0.0000
  2   -4288.2157  0.1520
  3   -4288.2167  0.1566
  4   -4288.2314  0.1581
  5   -4288.2689  0.1566
  6   -4288.3284  0.1526
  7   -4288.3907  0.1495
  8   -4288.4203  0.1112
  9   -4288.4135  0.0890
 10   -4288.3849  0.1359
 11   -4288.3278  0.1998
 12   -4288.2638  0.2537
 13   -4288.2246  0.2801
 14   -4288.2149  0.2852
 15   -4288.2156  0.3015

VCNEB Calcualtion Step  164

Image  Energy-(eV)  Dist 
  1   -4288.2156  0.0000
  2   -4288.2157  0.1520
  3   -4288.2168  0.1567
  4   -4288.2314  0.1582
  5   -4288.2689  0.1566
  6   -4288.3285  0.1527
  7   -4288.3911  0.1443
  8   -4288.4203  0.1106
  9   -4288.4135  0.0886
 10   -4288.3852  0.1354
 11   -4288.3282  0.1994
 12   -4288.2640  0.2537
 13   -4288.2247  0.2804
 14   -4288.2149  0.2857
 15   -4288.2156  0.3020

VCNEB Calcualtion Step  165

Image  Energy-(eV)  Dist 
  1   -4288.2156  0.0000
  2   -4288.2157  0.1521
  3   -4288.2168  0.1567
  4   -4288.2314  0.1583
  5   -4288.2690  0.1567
  6   -4288.3286  0.1527
  7   -4288.3911  0.1442
  8   -4288.4202  0.1104
  9   -4288.4136  0.0882
 10   -4288.3854  0.1349
 11   -4288.3286  0.1991
 12   -4288.2643  0.2537
 13   -4288.2248  0.2807
 14   -4288.2149  0.2862
 15   -4288.2156  0.3025

VCNEB Calcualtion Step  166

Image  Energy-(eV)  Dist 
  1   -4288.2156  0.0000
  2   -4288.2157  0.1521
  3   -4288.2168  0.1568
  4   -4288.2314  0.1583
  5   -4288.2691  0.1567
  6   -4288.3287  0.1527
  7   -4288.3911  0.1440
  8   -4288.4202  0.1101
  9   -4288.4137  0.0879
 10   -4288.3857  0.1345
 11   -4288.3290  0.1987
 12   -4288.2646  0.2536
 13   -4288.2248  0.2809
 14   -4288.2149  0.2866
 15   -4288.2156  0.3031

VCNEB Calcualtion Step  167

Image  Energy-(eV)  Dist 
  1   -4288.2156  0.0000
  2   -4288.2157  0.1521
  3   -4288.2168  0.1568
  4   -4288.2315  0.1584
  5   -4288.2691  0.1568
  6   -4288.3288  0.1528
  7   -4288.3911  0.1438
  8   -4288.4202  0.1099
  9   -4288.4137  0.0876
 10   -4288.3859  0.1340
 11   -4288.3294  0.1984
 12   -4288.2649  0.2536
 13   -4288.2249  0.2812
 14   -4288.2149  0.2871
 15   -4288.2156  0.3036

VCNEB Calcualtion Step  168

Image  Energy-(eV)  Dist 
  1   -4288.2156  0.0000
  2   -4288.2157  0.1521
  3   -4288.2168  0.1569
  4   -4288.2315  0.1585
  5   -4288.2692  0.1569
  6   -4288.3288  0.1528
  7   -4288.3911  0.1489
  8   -4288.4202  0.1097
  9   -4288.4138  0.0872
 10   -4288.3861  0.1335
 11   -4288.3297  0.1980
 12   -4288.2651  0.2535
 13   -4288.2250  0.2815
 14   -4288.2149  0.2875
 15   -4288.2156  0.3041

VCNEB Calcualtion Step  169

Image  Energy-(eV)  Dist 
  1   -4288.2156  0.0000
  2   -4288.2157  0.1522
  3   -4288.2168  0.1569
  4   -4288.2315  0.1585
  5   -4288.2692  0.1569
  6   -4288.3289  0.1528
  7   -4288.3915  0.1443
  8   -4288.4202  0.1091
  9   -4288.4139  0.0869
 10   -4288.3864  0.1331
 11   -4288.3301  0.1976
 12   -4288.2654  0.2535
 13   -4288.2251  0.2818
 14   -4288.2149  0.2880
 15   -4288.2156  0.3047

VCNEB Calcualtion Step  170

Image  Energy-(eV)  Dist 
  1   -4288.2156  0.0000
  2   -4288.2157  0.1522
  3   -4288.2168  0.1570
  4   -4288.2315  0.1586
  5   -4288.2693  0.1570
  6   -4288.3290  0.1528
  7   -4288.3915  0.1441
  8   -4288.4201  0.1089
  9   -4288.4139  0.0866
 10   -4288.3866  0.1326
 11   -4288.3305  0.1973
 12   -4288.2657  0.2534
 13   -4288.2252  0.2820
 14   -4288.2149  0.2884
 15   -4288.2156  0.3052

VCNEB Calcualtion Step  171

Image  Energy-(eV)  Dist 
  1   -4288.2156  0.0000
  2   -4288.2157  0.1522
  3   -4288.2168  0.1570
  4   -4288.2315  0.1586
  5   -4288.2693  0.1570
  6   -4288.3291  0.1529
  7   -4288.3915  0.1440
  8   -4288.4201  0.1087
  9   -4288.4140  0.0862
 10   -4288.3869  0.1322
 11   -4288.3309  0.1969
 12   -4288.2659  0.2534
 13   -4288.2253  0.2823
 14   -4288.2149  0.2889
 15   -4288.2156  0.3057

VCNEB Calcualtion Step  172

Image  Energy-(eV)  Dist 
  1   -4288.2156  0.0000
  2   -4288.2157  0.1522
  3   -4288.2168  0.1571
  4   -4288.2316  0.1587
  5   -4288.2694  0.1571
  6   -4288.3292  0.1529
  7   -4288.3915  0.1438
  8   -4288.4201  0.1084
  9   -4288.4141  0.0859
 10   -4288.3871  0.1317
 11   -4288.3312  0.1966
 12   -4288.2662  0.2533
 13   -4288.2254  0.2826
 14   -4288.2149  0.2893
 15   -4288.2156  0.3063

VCNEB Calcualtion Step  173

Image  Energy-(eV)  Dist 
  1   -4288.2156  0.0000
  2   -4288.2157  0.1522
  3   -4288.2168  0.1571
  4   -4288.2316  0.1588
  5   -4288.2694  0.1571
  6   -4288.3293  0.1529
  7   -4288.3915  0.1436
  8   -4288.4201  0.1082
  9   -4288.4141  0.0856
 10   -4288.3873  0.1313
 11   -4288.3316  0.1962
 12   -4288.2665  0.2533
 13   -4288.2254  0.2829
 14   -4288.2149  0.2898
 15   -4288.2156  0.3068

VCNEB Calcualtion Step  174

Image  Energy-(eV)  Dist 
  1   -4288.2156  0.0000
  2   -4288.2157  0.1523
  3   -4288.2168  0.1572
  4   -4288.2316  0.1588
  5   -4288.2695  0.1572
  6   -4288.3294  0.1529
  7   -4288.3915  0.1483
  8   -4288.4201  0.1080
  9   -4288.4142  0.0853
 10   -4288.3876  0.1308
 11   -4288.3320  0.1959
 12   -4288.2668  0.2532
 13   -4288.2255  0.2831
 14   -4288.2149  0.2902
 15   -4288.2156  0.3073

VCNEB Calcualtion Step  175

Image  Energy-(eV)  Dist 
  1   -4288.2156  0.0000
  2   -4288.2157  0.1523
  3   -4288.2168  0.1572
  4   -4288.2316  0.1589
  5   -4288.2696  0.1572
  6   -4288.3295  0.1530
  7   -4288.3918  0.1441
  8   -4288.4200  0.1074
  9   -4288.4142  0.0849
 10   -4288.3878  0.1304
 11   -4288.3324  0.1955
 12   -4288.2671  0.2532
 13   -4288.2256  0.2834
 14   -4288.2149  0.2907
 15   -4288.2156  0.3079

VCNEB Calcualtion Step  176

Image  Energy-(eV)  Dist 
  1   -4288.2156  0.0000
  2   -4288.2157  0.1523
  3   -4288.2168  0.1573
  4   -4288.2316  0.1589
  5   -4288.2696  0.1573
  6   -4288.3295  0.1530
  7   -4288.3918  0.1439
  8   -4288.4200  0.1072
  9   -4288.4143  0.0846
 10   -4288.3880  0.1299
 11   -4288.3327  0.1951
 12   -4288.2673  0.2531
 13   -4288.2257  0.2837
 14   -4288.2149  0.2911
 15   -4288.2156  0.3084

VCNEB Calcualtion Step  177

Image  Energy-(eV)  Dist 
  1   -4288.2156  0.0000
  2   -4288.2157  0.1523
  3   -4288.2168  0.1573
  4   -4288.2317  0.1590
  5   -4288.2697  0.1573
  6   -4288.3296  0.1530
  7   -4288.3918  0.1437
  8   -4288.4200  0.1070
  9   -4288.4144  0.0843
 10   -4288.3883  0.1295
 11   -4288.3331  0.1948
 12   -4288.2676  0.2530
 13   -4288.2258  0.2839
 14   -4288.2148  0.2916
 15   -4288.2156  0.3089

VCNEB Calcualtion Step  178

Image  Energy-(eV)  Dist 
  1   -4288.2156  0.0000
  2   -4288.2157  0.1524
  3   -4288.2168  0.1574
  4   -4288.2317  0.1591
  5   -4288.2697  0.1574
  6   -4288.3297  0.1530
  7   -4288.3918  0.1435
  8   -4288.4200  0.1067
  9   -4288.4144  0.0840
 10   -4288.3885  0.1290
 11   -4288.3335  0.1944
 12   -4288.2679  0.2530
 13   -4288.2259  0.2842
 14   -4288.2148  0.2920
 15   -4288.2156  0.3095
