VCNEB Calcualtion Step  178

 Image    a        b        c      alpha    beta   gamma  
   1   3.3029   3.3029   5.0189,   90.000  90.000 120.000
   2   3.3310   3.3310   4.9003,   90.004  89.996 119.994
   3   3.3621   3.3621   4.7696,   89.979  90.021 120.039
   4   3.3937   3.3937   4.6332,   89.946  90.054 120.097
   5   3.4245   3.4244   4.4969,   89.917  90.083 120.160
   6   3.4544   3.4543   4.3668,   89.898  90.101 120.235
   7   3.4816   3.4815   4.2580,   89.913  90.087 120.309
   8   3.4934   3.4934   4.2018,   89.984  90.016 120.065
   9   3.4886   3.4886   4.2180,   90.006  89.994 120.037
  10   3.4745   3.4745   4.2708,   90.009  89.991 120.016
  11   3.4500   3.4500   4.3702,   90.008  89.992 119.974
  12   3.4172   3.4172   4.5133,   90.004  89.996 119.935
  13   3.3804   3.3804   4.6782,   89.999  90.001 119.915
  14   3.3431   3.3431   4.8443,   89.995  90.005 119.926
  15   3.3046   3.3046   5.0122,   90.000  90.000 120.000
