&control
  calculation ='relax'
  restart_mode ='from_scratch',
  prefix       ='ZnO',
  outdir='./temp'
  pseudo_dir='./GBRV_PBEsol'
  disk_io='low'
  etot_conv_thr=1.D-7,
  forc_conv_thr=1.D-6,
  verbosity    ='high',
  tprnfor=.t.
  tstress=.t.
  nstep=200
!  tefield = .true.
!  dipfield = .true.

 /
&system
  nosym = .true.,
  ibrav= 0,
  nat=  72,
  ntyp= 3,
  tot_charge = 0.0
  ecutwfc =  60,
  ecutrho = 500,
  occupations='smearing', smearing='mv', degauss=0.001,
!  eamp = 0.0
!  edir = 3
!  emaxpos = 0.1
!  eopreg = 0.05

!  input_dft='hse', nqx1=2, nqx2=2, nqx3=1,
!  x_gamma_extrapolation = .true.
!  vdw_corr = DFT-D3
/

&electrons
    mixing_mode = 'plain'
    mixing_beta = 0.5,
    conv_thr =  1.0d-8
!   Startingpot = 'file'
!   Startingwfc = 'file'
/

&IONS
  upscale           = 100.D0,
/

&CELL
  cell_dynamics     = 'bfgs'
  press_conv_thr    = 0.5d0
  cell_dofree = 'all'
/

ATOMIC_SPECIES
Zn 65.38   zn_pbesol_v1.uspp.F.UPF
O  15.999  o_pbesol_v1.2.uspp.F.UPF
Mg 24.305   mg_pbesol_v1.4.uspp.F.UPF

K_POINTS {automatic}
4 4 4 0 0 0 

CELL_PARAMETERS (angstrom)
  10.336832750  -0.009266543  -0.001739583
  -5.176425916   8.961244562   0.001705786
  -0.002466297   0.001238008   8.749587966

ATOMIC_POSITIONS (crystal)
Zn       0.223302265   0.111073478   0.251442778    1   1   0
Zn       0.223876099   0.112266809   0.755669051    1   1   0
Zn       0.222678043   0.444411645   0.253443817    1   1   0
Zn       0.223158683   0.444843085   0.752438387    1   1   0
Zn       0.222301941   0.778463001   0.251451225    1   1   0
Zn       0.223254808   0.778134822   0.754272881    1   1   0
Zn       0.554461593   0.110320131   0.253263505    1   1   0
Mg       0.555190877   0.110543765   0.752590872    1   1   0
Zn       0.555192412   0.444514735   0.252652128    1   1   0
Mg       0.555863845   0.445222652   0.753470686    1   1   0
Mg       0.554247107   0.777589451   0.253037351    1   1   0
Zn       0.554145606   0.777303422   0.753417163    1   1   0
Zn       0.887188205   0.109307176   0.252965553    1   1   0
Zn       0.888789254   0.111693387   0.753079362    1   1   0
Mg       0.885875074   0.442243391   0.251847043    1   1   0
Zn       0.888056221   0.444127189   0.752744945    1   1   0
Mg       0.888437602   0.777502231   0.255988631    1   1   0
Zn       0.888892076   0.777080850   0.750184694    1   1   0
Zn       0.111699401   0.222637633   0.502605491    1   1   0
Mg       0.112179506   0.222865783   0.002728417    1   1   0
Mg       0.111831068   0.556076297   0.502686040    1   1   0
Mg       0.113006564   0.556101936   0.002330688    1   1   0
Zn       0.112859908   0.889651169   0.502739049    1   1   0
Mg       0.112825247   0.889877021   0.001867834    1   1   0
Zn       0.444099961   0.222373976   0.505450067    1   1   0
Zn       0.444222433   0.222289060   0.001692401    1   1   0
Zn       0.443854362   0.555669515   0.505313717    1   1   0
Zn       0.442957969   0.554756805   0.004788147    1   1   0
Zn       0.443033358   0.888184319   0.501569592    1   1   0
Zn       0.443464469   0.888425713   0.002666203    1   1   0
Zn       0.778593623   0.222733192   0.503488405    1   1   0
Zn       0.777681687   0.221380436   0.004170617    1   1   0
Zn       0.778299021   0.555057690   0.501004869    1   1   0
Zn       0.778594118   0.556599516   0.004196029    1   1   0
Mg       0.777921950   0.890195797   0.501089628    1   1   0
Zn       0.777968076   0.888360061   0.003137861    1   1   0
O        0.222538057   0.111389299   0.003137859    1   1   0
O        0.221930369   0.111285731   0.502605342    1   1   0
O        0.221724217   0.444268000   0.002728583    1   1   0
O        0.221918337   0.444278191   0.502686074    1   1   0
O        0.221686382   0.777260566   0.002330524    1   1   0
O        0.221641070   0.777547241   0.502739002    1   1   0
O        0.555059542   0.110865329   0.001867721    1   1   0
O        0.555445088   0.110920842   0.505450391    1   1   0
O        0.555614981   0.444705034   0.001692215    1   1   0
O        0.555729218   0.445095545   0.505314038    1   1   0
O        0.555574267   0.777842343   0.004787818    1   1   0
O        0.555184858   0.777983107   0.501569416    1   1   0
O        0.888850099   0.110267556   0.002666547    1   1   0
O        0.889739639   0.112095032   0.503488344    1   1   0
O        0.889852418   0.444562649   0.004170604    1   1   0
O        0.889480278   0.444697411   0.501004689    1   1   0
O        0.890022372   0.778917867   0.004196366    1   1   0
O        0.889208578   0.778292184   0.501089565    1   1   0
O        0.110635269   0.221601491   0.251442898    1   1   0
O        0.111732899   0.222449365   0.755668862    1   1   0
O        0.109639022   0.554843426   0.253443575    1   1   0
O        0.111064448   0.555398575   0.752438369    1   1   0
O        0.110720296   0.888723403   0.251451388    1   1   0
O        0.111707749   0.889414139   0.754272604    1   1   0
O        0.445379455   0.222795361   0.253263528    1   1   0
O        0.445611368   0.223022736   0.752590940    1   1   0
O        0.444559340   0.555473893   0.252652225    1   1   0
O        0.444826153   0.556014281   0.753470680    1   1   0
O        0.443973746   0.888934166   0.253037372    1   1   0
O        0.444728138   0.888848097   0.753417113    1   1   0
O        0.776569742   0.220621089   0.252965539    1   1   0
O        0.777773171   0.222544842   0.753079377    1   1   0
O        0.777412878   0.555490433   0.251847114    1   1   0
O        0.778386709   0.555787288   0.752744968    1   1   0
O        0.776630641   0.887475154   0.255988259    1   1   0
O        0.777444775   0.888411184   0.750185001    1   1   0

