&control
  calculation ='relax'
  restart_mode ='from_scratch',
  prefix       ='ZnO',
  outdir='./temp'
  pseudo_dir='./GBRV_PBEsol'
  disk_io='low'
  etot_conv_thr=1.D-7,
  forc_conv_thr=1.D-6,
  verbosity    ='high',
  tprnfor=.t.
  tstress=.t.
  nstep=200
!  tefield = .true.
!  dipfield = .true.

 /
&system
  nosym = .true.,
  ibrav= 0,
  nat=  72,
  ntyp= 3,
  tot_charge = 0.0
  ecutwfc =  60,
  ecutrho = 500,
  occupations='smearing', smearing='mv', degauss=0.001,
!  eamp = 0.0
!  edir = 3
!  emaxpos = 0.1
!  eopreg = 0.05

!  input_dft='hse', nqx1=2, nqx2=2, nqx3=1,
!  x_gamma_extrapolation = .true.
!  vdw_corr = DFT-D3
/

&electrons
    mixing_mode = 'plain'
    mixing_beta = 0.5,
    conv_thr =  1.0d-8
!   Startingpot = 'file'
!   Startingwfc = 'file'
/

&IONS
  upscale           = 100.D0,
/

&CELL
  cell_dynamics     = 'bfgs'
  press_conv_thr    = 0.5d0
  cell_dofree = 'z'
/

ATOMIC_SPECIES
Zn 65.38   zn_pbesol_v1.uspp.F.UPF
O  15.999  o_pbesol_v1.2.uspp.F.UPF
Mg 24.305   mg_pbesol_v1.4.uspp.F.UPF

K_POINTS {automatic}
4 4 4 0 0 0 

CELL_PARAMETERS (angstrom)
   9.748833799  -0.009047917  -0.000232983
  -4.882236168   8.442786028   0.002040247
  -0.000314651   0.002939158   9.385791570

ATOMIC_POSITIONS (crystal)
Zn       0.223328957   0.114136962   0.253763954    1   1   0
Zn       0.222929800   0.113764730   0.752602628    1   1   0
Zn       0.221493844   0.445126744   0.250666716    1   1   0
Zn       0.221032403   0.445159602   0.755800850    1   1   0
Zn       0.223068874   0.781934704   0.252916266    1   1   0
Zn       0.222099950   0.780709544   0.752225651    1   1   0
Zn       0.557313654   0.111814965   0.253490276    1   1   0
Zn       0.557995066   0.111064854   0.754081253    1   1   0
Zn       0.556090354   0.442926338   0.252363515    1   1   0
Mg       0.556685309   0.441737984   0.752824078    1   1   0
Mg       0.555003759   0.777647756   0.256213491    1   1   0
Zn       0.554594499   0.775605278   0.751001508    1   1   0
Zn       0.887577878   0.108071453   0.252871067    1   1   0
Mg       0.887139584   0.108572312   0.753053536    1   1   0
Zn       0.888975209   0.443952185   0.252315641    1   1   0
Mg       0.888821665   0.444420631   0.751235986    1   1   0
Mg       0.886879547   0.776421778   0.251483258    1   1   0
Mg       0.885641461   0.775258793   0.752108136    1   1   0
Zn       0.111173705   0.224232838   0.502507956    1   1   0
Zn       0.112020098   0.224631609   0.002868198    1   1   0
Zn       0.114189981   0.559945076   0.502462743    1   1   0
Mg       0.113249875   0.558666708   0.002026996    1   1   0
Mg       0.111578132   0.891465463   0.502264351    1   1   0
Mg       0.113384833   0.892777719   0.003807093    1   1   0
Zn       0.445335931   0.220986536   0.503769291    1   1   0
Zn       0.445197625   0.220861397   0.001153129    1   1   0
Mg       0.442500680   0.552518641   0.504965682    1   1   0
Mg       0.443633682   0.552882639   0.003909319    1   1   0
Mg       0.444640896   0.889515481   0.500216030    1   1   0
Zn       0.443889190   0.887615148   0.001542020    1   1   0
Zn       0.778969478   0.222644204   0.505095456    1   1   0
Zn       0.779049857   0.222760821   0.001905411    1   1   0
Zn       0.777163419   0.554142514   0.504149588    1   1   0
Zn       0.778041612   0.554027666   0.002010356    1   1   0
Zn       0.774328124   0.885767327   0.502596009    1   1   0
Zn       0.775168724   0.886473698   0.003535615    1   1   0
O        0.223072420   0.113989387   0.003534969    1   1   0
O        0.222715567   0.113418604   0.502507863    1   1   0
O        0.222235193   0.446236662   0.002868124    1   1   0
O        0.221043378   0.445824109   0.502463443    1   1   0
O        0.222344285   0.780733200   0.002027189    1   1   0
O        0.222437505   0.781195246   0.502264251    1   1   0
O        0.556528155   0.109986996   0.003807482    1   1   0
O        0.557145023   0.111399829   0.503768810    1   1   0
O        0.555851348   0.443658414   0.001153241    1   1   0
O        0.554953569   0.443578368   0.504965816    1   1   0
O        0.553013845   0.774999521   0.003909030    1   1   0
O        0.552027714   0.774627576   0.500216207    1   1   0
O        0.888700606   0.109468920   0.001542289    1   1   0
O        0.887912802   0.108797210   0.505095719    1   1   0
O        0.890778582   0.444926432   0.001905534    1   1   0
O        0.891122598   0.445399626   0.504149517    1   1   0
O        0.890085302   0.777874053   0.002010078    1   1   0
O        0.889014728   0.777571845   0.502595366    1   1   0
O        0.109979918   0.222932751   0.253764373    1   1   0
O        0.109960099   0.222709215   0.752603144    1   1   0
O        0.112152047   0.558550648   0.250666536    1   1   0
O        0.111629524   0.557909173   0.755800021    1   1   0
O        0.109271199   0.890578890   0.252915962    1   1   0
O        0.108750673   0.890150887   0.752226188    1   1   0
O        0.445142939   0.221386104   0.253490958    1   1   0
O        0.444638241   0.219679261   0.754081350    1   1   0
O        0.444944925   0.554576489   0.252363823    1   1   0
O        0.444464153   0.552537158   0.752824321    1   1   0
O        0.445063691   0.889256413   0.256212856    1   1   0
O        0.444749300   0.887941283   0.751001360    1   1   0
O        0.779764588   0.222224750   0.252870412    1   1   0
O        0.779802516   0.222707125   0.753053243    1   1   0
O        0.778045103   0.554720617   0.252316001    1   1   0
O        0.777981060   0.554487637   0.751236008    1   1   0
O        0.776436779   0.886895543   0.251483253    1   1   0
O        0.776052968   0.886827961   0.752108180    1   1   0

