VCNEB Calcualtion Step  202

 Image    a        b        c      alpha    beta   gamma  
   1   3.3020   3.3020   5.0206,   90.000  90.000 120.000
   2   3.3021   3.3021   4.9528,   90.362  89.638 120.001
   3   3.3020   3.3021   4.8690,   90.342  89.658 120.001
   4   3.3020   3.3020   4.7902,   90.277  89.723 120.001
   5   3.3020   3.3020   4.7171,   90.219  89.781 120.000
   6   3.3020   3.3020   4.6469,   90.148  89.852 120.000
   7   3.3020   3.3020   4.5735,   90.064  89.936 120.000
   8   3.3020   3.3020   4.4905,   89.965  90.035 120.000
   9   3.3020   3.3020   4.3994,   89.916  90.084 120.000
  10   3.3020   3.3020   4.3552,   89.983  90.017 120.000
  11   3.3020   3.3020   4.3688,   90.003  89.997 120.000
  12   3.3020   3.3020   4.4072,   90.002  89.998 120.000
  13   3.3020   3.3020   4.4647,   90.002  89.998 120.000
  14   3.3020   3.3020   4.5376,   90.002  89.998 120.000
  15   3.3020   3.3020   4.6211,   90.002  89.998 120.000
  16   3.3020   3.3020   4.7112,   90.002  89.998 120.000
  17   3.3020   3.3020   4.8077,   90.001  89.998 120.000
  18   3.3020   3.3020   4.9097,   90.000  90.000 120.000
  19   3.3020   3.3020   5.0206,   90.000  90.000 120.000
