&control
  calculation ='relax'
  restart_mode ='from_scratch',
  prefix       ='ZnO',
  outdir='./temp'
  pseudo_dir='./GBRV_PBEsol'
  disk_io='low'
  etot_conv_thr=1.D-7,
  forc_conv_thr=1.D-6,
  verbosity    ='high',
  tprnfor=.t.
  tstress=.t.
  nstep=200
!  tefield = .true.
!  dipfield = .true.

 /
&system
  nosym = .true.,
  ibrav= 0,
  nat=  72,
  ntyp= 3,
  tot_charge = 0.0
  ecutwfc =  60,
  ecutrho = 500,
  occupations='smearing', smearing='mv', degauss=0.001,
!  eamp = 0.0
!  edir = 3
!  emaxpos = 0.1
!  eopreg = 0.05

!  input_dft='hse', nqx1=2, nqx2=2, nqx3=1,
!  x_gamma_extrapolation = .true.
!  vdw_corr = DFT-D3
/

&electrons
    mixing_mode = 'plain'
    mixing_beta = 0.5,
    conv_thr =  1.0d-8
!   Startingpot = 'file'
!   Startingwfc = 'file'
/

&IONS
  upscale           = 100.D0,
/

&CELL
  cell_dynamics     = 'bfgs'
  press_conv_thr    = 0.5d0
  cell_dofree = 'all'
/

ATOMIC_SPECIES
Zn 65.38   zn_pbesol_v1.uspp.F.UPF
O  15.999  o_pbesol_v1.2.uspp.F.UPF
Mg 24.305   mg_pbesol_v1.4.uspp.F.UPF

K_POINTS {automatic}
4 4 4 0 0 0 

CELL_PARAMETERS (angstrom)
  10.381840998  -0.005507332   0.004311693
  -5.195673991   8.999799513  -0.001588902
   0.006193360   0.000991197   8.638802983

ATOMIC_POSITIONS (crystal)
Mg       0.223264315   0.779576648   0.250234057    1   1   0
Mg       0.223566990   0.442928913   0.251837710    1   1   0
Mg       0.889496516   0.110772045   0.251958411    1   1   0
Mg       0.555352055   0.777849587   0.253298999    1   1   0
Mg       0.889306299   0.779063499   0.253637112    1   1   0
Mg       0.554884797   0.111502025   0.256119403    1   1   0
Mg       0.111317786   0.555428324   0.500869243    1   1   0
Mg       0.776801614   0.888435354   0.503532300    1   1   0
Mg       0.112025528   0.889864392   0.504126153    1   1   0
Mg       0.112522365   0.222774791   0.504650592    1   1   0
Mg       0.224290695   0.779403974   0.753188564    1   1   0
Mg       0.554853817   0.444044867   0.753606156    1   1   0
Mg       0.779125140   0.889400410   0.000566831    1   1   0
Mg       0.110315213   0.553999154   0.000902771    1   1   0
Mg       0.778644780   0.223365428   0.003822935    1   1   0
Mg       0.779227418   0.555153042   0.005654593    1   1   0
O        0.556279597   0.444458402   0.000566086    1   1   0
O        0.889663047   0.444406939   0.000902370    1   1   0
O        0.221135667   0.776465325   0.001393382    1   1   0
O        0.220929701   0.110307251   0.003132322    1   1   0
O        0.556777302   0.778360425   0.003746845    1   1   0
O        0.888146552   0.110658367   0.003822992    1   1   0
O        0.221373054   0.443566209   0.004093077    1   1   0
O        0.887920489   0.777192470   0.004497966    1   1   0
O        0.556590922   0.112504837   0.005654241    1   1   0
O        0.778316936   0.555699068   0.249711821    1   1   0
O        0.777713058   0.221408277   0.250234597    1   1   0
O        0.444559478   0.889156534   0.250815245    1   1   0
O        0.113907724   0.556734842   0.251837819    1   1   0
O        0.445042813   0.556115344   0.251957839    1   1   0
O        0.443608429   0.222388240   0.253297943    1   1   0
O        0.777356528   0.888945951   0.253637196    1   1   0
O        0.111255536   0.888408702   0.254804575    1   1   0
O        0.110823542   0.222241844   0.256120086    1   1   0
O        0.889184493   0.778266719   0.499129957    1   1   0
O        0.889513296   0.110828209   0.499818383    1   1   0
O        0.555458735   0.110987814   0.500567951    1   1   0
O        0.221336599   0.444130299   0.500869560    1   1   0
O        0.554941876   0.777827166   0.501427559    1   1   0
O        0.889322736   0.444734781   0.501788389    1   1   0
O        0.220909346   0.777133904   0.503533068    1   1   0
O        0.221549454   0.110728898   0.504126000    1   1   0
O        0.555734353   0.444995597   0.504650175    1   1   0
O        0.777898914   0.888572176   0.750215324    1   1   0
O        0.111114193   0.222625939   0.751158635    1   1   0
O        0.110939575   0.887992973   0.751168238    1   1   0
O        0.112413675   0.557216150   0.752016762    1   1   0
O        0.444315938   0.555707544   0.752606911    1   1   0
O        0.444565096   0.221969317   0.753025660    1   1   0
O        0.445198923   0.889997795   0.753188919    1   1   0
O        0.777625294   0.222352209   0.753605935    1   1   0
O        0.777133309   0.555267316   0.754737535    1   1   0
Zn       0.890159887   0.443738710   0.249712316    1   1   0
Zn       0.554497210   0.444083822   0.250815172    1   1   0
Zn       0.220602153   0.110502450   0.254804133    1   1   0
Zn       0.778168924   0.555353134   0.499129416    1   1   0
Zn       0.442677111   0.887556688   0.499818107    1   1   0
Zn       0.779037235   0.222956478   0.500567796    1   1   0
Zn       0.443338628   0.555400625   0.501428985    1   1   0
Zn       0.442966864   0.222325281   0.501788946    1   1   0
Zn       0.888582327   0.111769974   0.750214696    1   1   0
Zn       0.888736697   0.775983249   0.751158723    1   1   0
Zn       0.222770064   0.445417569   0.751168524    1   1   0
Zn       0.555078856   0.110874523   0.752017788    1   1   0
Zn       0.553539116   0.777448789   0.752607209    1   1   0
Zn       0.889043717   0.445288947   0.753024996    1   1   0
Zn       0.222554049   0.110687803   0.754737465    1   1   0
Zn       0.109644387   0.888173937   0.001392956    1   1   0
Zn       0.110192263   0.221584524   0.003132196    1   1   0
Zn       0.444071873   0.555197094   0.003746147    1   1   0
Zn       0.443539992   0.221332255   0.004092972    1   1   0
Zn       0.445247134   0.890407861   0.004498294    1   1   0

