
VCNEB Calcualtion Step    0

Image  Energy-(eV)  Dist 
  1   -13429.7693  0.0000
  2   -13429.7645  0.0645
  3   -13429.7491  0.0511
  4   -13429.7257  0.0404
  5   -13429.6928  0.0427
  6   -13429.6376  0.0590
  7   -13429.5779  0.0585
  8   -13429.5151  0.0585
  9   -13429.4153  0.1114
 10   -13429.3335  0.1114
 11   -13429.2708  0.1445
 12   -13429.2785  0.1502
 13   -13429.3400  0.1405
 14   -13429.4448  0.1405
 15   -13429.5194  0.0971
 16   -13429.5944  0.0971
 17   -13429.6386  0.0730
 18   -13429.6813  0.0730
 19   -13429.7213  0.0940
 20   -13429.7415  0.0669
 21   -13429.7526  0.0504
 22   -13429.7594  0.0399
 23   -13429.7641  0.0378
 24   -13429.7676  0.0413
 25   -13429.7693  0.0509

VCNEB Calcualtion Step    1

Image  Energy-(eV)  Dist 
  1   -13429.7693  0.0000
  2   -13429.7646  0.0644
  3   -13429.7491  0.0511
  4   -13429.7258  0.0404
  5   -13429.6930  0.0426
  6   -13429.6382  0.0586
  7   -13429.5788  0.0580
  8   -13429.5158  0.0588
  9   -13429.4162  0.1112
 10   -13429.3338  0.1121
 11   -13429.2708  0.1452
 12   -13429.2710  0.1506
 13   -13429.3404  0.1410
 14   -13429.4453  0.1405
 15   -13429.5203  0.0973
 16   -13429.5950  0.0971
 17   -13429.6394  0.0730
 18   -13429.6820  0.0732
 19   -13429.7215  0.0934
 20   -13429.7416  0.0669
 21   -13429.7527  0.0503
 22   -13429.7595  0.0398
 23   -13429.7641  0.0377
 24   -13429.7676  0.0412
 25   -13429.7693  0.0507

VCNEB Calcualtion Step    2

Image  Energy-(eV)  Dist 
  1   -13429.7693  0.0000
  2   -13429.7646  0.0644
  3   -13429.7492  0.0511
  4   -13429.7259  0.0404
  5   -13429.6933  0.0425
  6   -13429.6389  0.0583
  7   -13429.5797  0.0576
  8   -13429.5165  0.0590
  9   -13429.4170  0.1110
 10   -13429.3341  0.1126
 11   -13429.2708  0.1458
 12   -13429.2786  0.1508
 13   -13429.3408  0.1415
 14   -13429.4459  0.1405
 15   -13429.5212  0.0975
 16   -13429.5957  0.0970
 17   -13429.6402  0.0731
 18   -13429.6826  0.0735
 19   -13429.7217  0.0928
 20   -13429.7417  0.0668
 21   -13429.7528  0.0502
 22   -13429.7595  0.0397
 23   -13429.7642  0.0376
 24   -13429.7676  0.0411
 25   -13429.7693  0.0505

VCNEB Calcualtion Step    3

Image  Energy-(eV)  Dist 
  1   -13429.7693  0.0000
  2   -13429.7646  0.0643
  3   -13429.7492  0.0511
  4   -13429.7260  0.0403
  5   -13429.6935  0.0424
  6   -13429.6395  0.0580
  7   -13429.5806  0.0571
  8   -13429.5173  0.0592
  9   -13429.4178  0.1107
 10   -13429.3344  0.1132
 11   -13429.2708  0.1465
 12   -13429.2786  0.1513
 13   -13429.3413  0.1420
 14   -13429.4465  0.1405
 15   -13429.5222  0.0977
 16   -13429.5964  0.0970
 17   -13429.6410  0.0732
 18   -13429.6832  0.0737
 19   -13429.7219  0.0923
 20   -13429.7418  0.0668
 21   -13429.7529  0.0502
 22   -13429.7596  0.0397
 23   -13429.7642  0.0376
 24   -13429.7676  0.0410
 25   -13429.7693  0.0503

VCNEB Calcualtion Step    4

Image  Energy-(eV)  Dist 
  1   -13429.7693  0.0000
  2   -13429.7646  0.0642
  3   -13429.7493  0.0511
  4   -13429.7261  0.0403
  5   -13429.6938  0.0423
  6   -13429.6401  0.0576
  7   -13429.5815  0.0567
  8   -13429.5180  0.0594
  9   -13429.4187  0.1105
 10   -13429.3348  0.1139
 11   -13429.2708  0.1472
 12   -13429.2711  0.1517
 13   -13429.3417  0.1424
 14   -13429.4471  0.1405
 15   -13429.5231  0.0980
 16   -13429.5971  0.0970
 17   -13429.6418  0.0733
 18   -13429.6837  0.0739
 19   -13429.7221  0.0917
 20   -13429.7420  0.0667
 21   -13429.7530  0.0501
 22   -13429.7596  0.0396
 23   -13429.7642  0.0375
 24   -13429.7676  0.0408
 25   -13429.7693  0.0501

VCNEB Calcualtion Step    5

Image  Energy-(eV)  Dist 
  1   -13429.7693  0.0000
  2   -13429.7646  0.0642
  3   -13429.7493  0.0511
  4   -13429.7262  0.0402
  5   -13429.6940  0.0422
  6   -13429.6408  0.0573
  7   -13429.5824  0.0564
  8   -13429.5187  0.0596
  9   -13429.4195  0.1102
 10   -13429.3351  0.1145
 11   -13429.2708  0.1473
 12   -13429.2788  0.1521
 13   -13429.3421  0.1429
 14   -13429.4477  0.1405
 15   -13429.5239  0.0983
 16   -13429.5978  0.0968
 17   -13429.6426  0.0734
 18   -13429.6843  0.0740
 19   -13429.7223  0.0912
 20   -13429.7421  0.0666
 21   -13429.7530  0.0500
 22   -13429.7597  0.0396
 23   -13429.7643  0.0374
 24   -13429.7676  0.0407
 25   -13429.7693  0.0499
