VCNEB Calcualtion Step    5

 Image    a        b        c      alpha    beta   gamma  
   1   3.2334   3.2334   5.2183,   90.000  90.000 120.000
   2   3.2334   3.2334   5.1807,   90.263  89.737 120.000
   3   3.2334   3.2334   5.1402,   90.179  89.821 120.000
   4   3.2334   3.2334   5.1126,   90.114  89.886 120.000
   5   3.2334   3.2334   5.0856,   90.066  89.934 120.000
   6   3.2334   3.2334   5.0525,   90.026  89.974 120.000
   7   3.2334   3.2334   5.0353,   90.015  89.985 120.000
   8   3.2334   3.2334   5.0200,   90.004  89.996 120.000
   9   3.2334   3.2334   5.0177,   90.003  89.997 120.000
  10   3.2334   3.2334   5.0164,   90.001  89.999 120.000
  11   3.2334   3.2334   5.0095,   90.000  90.000 120.000
  12   3.2334   3.2334   4.9998,   90.000  90.000 120.000
  13   3.2334   3.2334   4.9609,   89.998  90.002 120.000
  14   3.2334   3.2334   4.9236,   89.997  90.003 120.000
  15   3.2334   3.2334   4.9533,   89.998  90.002 120.000
  16   3.2334   3.2334   4.9835,   89.999  90.001 120.000
  17   3.2334   3.2334   5.0065,   90.000  90.000 120.000
  18   3.2334   3.2334   5.0323,   90.001  89.999 120.000
  19   3.2334   3.2334   5.0726,   90.002  89.998 120.000
  20   3.2334   3.2334   5.1048,   90.003  89.997 120.000
  21   3.2334   3.2334   5.1301,   90.003  89.997 120.000
  22   3.2334   3.2334   5.1498,   90.002  89.998 120.000
  23   3.2334   3.2334   5.1697,   90.002  89.998 120.000
  24   3.2334   3.2334   5.1916,   90.001  89.999 120.000
  25   3.2334   3.2334   5.2183,   90.000  90.000 120.000
