--------------------- VCNEB Method Calculation Brief Report --------------------

         Calculation Type  =  .VCNEB.  
   DFT Software Interface  =  .Quantum Espresso. 
         Extenral Pressure =    0.00 GPa 
   Optimisation Algorithm  =  .Steep Descent. 
  Lattice Cell Relaxation  =  .False. 
 Variable Spring Constant  =  .True. 
                    --  k-min  =  5.0 eV/A
                    --  k-max  =  6.0 eV/A
           Variable Image  =  .False. 
                 Freezing  =  .False. 
  Force RMS Halt Criteria  =   0.020 eV/A

----------------------------- VCNEB step : initial -----------------------------
                      Cell Forces RMS(eV/A)      Atom Forces RMS(eV/A)              
Image Energy-(eV)    Total, Project, Elastic    Total, Project, Elastic  F   Dist   SpaceG
  1    -13429.7693  [  0.080,  0.080,  0.000]  [  0.000,  0.000,  0.000]  0  0.0000   186          
  2    -13429.7645  [  0.004,  0.001,  0.003]  [  0.003,  0.003,  0.002]  0  0.0645   186          
  3    -13429.7491  [  0.003,  0.001,  0.002]  [  0.009,  0.009,  0.002]  0  0.0511   186          
  4    -13429.7257  [  0.005,  0.006,  0.001]  [  0.021,  0.021,  0.001]  0  0.0404   186          
  5    -13429.6928  [  0.005,  0.008,  0.003]  [  0.033,  0.032,  0.004]  0  0.0427   186          
  6    -13429.6376  [  0.013,  0.013,  0.000]  [  0.043,  0.043,  0.000]  0  0.0590   186          
  7    -13429.5779  [  0.009,  0.009,  0.000]  [  0.047,  0.047,  0.001]  0  0.0585   186          
  8    -13429.5151  [  0.009,  0.008,  0.000]  [  0.055,  0.052,  0.018]  0  0.0585   186          
  9    -13429.4153  [  0.010,  0.010,  0.000]  [  0.047,  0.047,  0.001]  0  0.1114   186          
 10    -13429.3335  [  0.001,  0.000,  0.001]  [  0.037,  0.035,  0.012]  0  0.1114   186          
 11    -13429.2708  [  0.019,  0.019,  0.000]  [  0.013,  0.013,  0.002]  0  0.1445   194    <-TS->
 12    -13429.2785  [  0.010,  0.010,  0.000]  [  0.012,  0.012,  0.002]  0  0.1502   194          
 13    -13429.3400  [  0.011,  0.008,  0.002]  [  0.032,  0.031,  0.007]  0  0.1405   186          
 14    -13429.4448  [  0.000,  0.003,  0.002]  [  0.045,  0.044,  0.007]  0  0.1405   186          
 15    -13429.5194  [  0.005,  0.002,  0.003]  [  0.053,  0.053,  0.008]  0  0.0971   186          
 16    -13429.5944  [  0.006,  0.011,  0.005]  [  0.053,  0.050,  0.014]  0  0.0971   186          
 17    -13429.6386  [  0.005,  0.003,  0.002]  [  0.048,  0.048,  0.005]  0  0.0730   186          
 18    -13429.6813  [  0.019,  0.018,  0.000]  [  0.040,  0.040,  0.001]  0  0.0730   186          
 19    -13429.7213  [  0.014,  0.022,  0.008]  [  0.038,  0.032,  0.014]  0  0.0940   186          
 20    -13429.7415  [  0.013,  0.019,  0.006]  [  0.029,  0.025,  0.009]  0  0.0669   186          
 21    -13429.7526  [  0.012,  0.016,  0.004]  [  0.023,  0.020,  0.006]  0  0.0504   186          
 22    -13429.7594  [  0.009,  0.011,  0.002]  [  0.016,  0.015,  0.003]  0  0.0399   186          
 23    -13429.7641  [  0.008,  0.010,  0.001]  [  0.012,  0.011,  0.002]  0  0.0378   186          
 24    -13429.7676  [  0.005,  0.005,  0.000]  [  0.007,  0.006,  0.001]  0  0.0413   186          
 25    -13429.7693  [  0.084,  0.084,  0.000]  [  0.000,  0.000,  0.000]  0  0.0509   186          

   Activation energy (->) =      0.499 eV
   Activation energy (<-) =      0.499 eV
------------------------------ VCNEB step :      1 -----------------------------
                      Cell Forces RMS(eV/A)      Atom Forces RMS(eV/A)              
Image Energy-(eV)    Total, Project, Elastic    Total, Project, Elastic  F   Dist   SpaceG
  1    -13429.7693  [  0.080,  0.080,  0.000]  [  0.000,  0.000,  0.000]  0  0.0000   186          
  2    -13429.7646  [  0.004,  0.002,  0.003]  [  0.004,  0.003,  0.002]  0  0.0644   186          
  3    -13429.7491  [  0.003,  0.001,  0.002]  [  0.009,  0.009,  0.002]  0  0.0511   186          
  4    -13429.7258  [  0.003,  0.004,  0.000]  [  0.020,  0.020,  0.000]  0  0.0404   186          
  5    -13429.6930  [  0.005,  0.008,  0.003]  [  0.033,  0.032,  0.004]  0  0.0426   186          
  6    -13429.6382  [  0.013,  0.013,  0.000]  [  0.043,  0.043,  0.000]  0  0.0586   186          
  7    -13429.5788  [  0.008,  0.008,  0.000]  [  0.047,  0.047,  0.000]  0  0.0580   186          
  8    -13429.5158  [  0.007,  0.007,  0.000]  [  0.054,  0.052,  0.015]  0  0.0588   186          
  9    -13429.4162  [  0.006,  0.006,  0.000]  [  0.047,  0.047,  0.000]  0  0.1112   186          
 10    -13429.3338  [  0.000,  0.000,  0.001]  [  0.036,  0.035,  0.010]  0  0.1121   186          
 11    -13429.2708  [  0.019,  0.019,  0.000]  [  0.013,  0.013,  0.002]  0  0.1452   194    <-TS->
 12    -13429.2710  [  0.021,  0.021,  0.000]  [  0.012,  0.012,  0.001]  0  0.1506   194          
 13    -13429.3404  [  0.011,  0.008,  0.002]  [  0.032,  0.031,  0.007]  0  0.1410   186          
 14    -13429.4453  [  0.001,  0.003,  0.002]  [  0.044,  0.044,  0.005]  0  0.1405   186          
 15    -13429.5203  [  0.002,  0.000,  0.002]  [  0.053,  0.053,  0.006]  0  0.0973   186          
 16    -13429.5950  [  0.007,  0.011,  0.005]  [  0.053,  0.050,  0.013]  0  0.0971   186          
 17    -13429.6394  [  0.004,  0.002,  0.002]  [  0.048,  0.048,  0.004]  0  0.0730   186          
 18    -13429.6820  [  0.018,  0.017,  0.000]  [  0.040,  0.040,  0.001]  0  0.0732   186          
 19    -13429.7215  [  0.014,  0.022,  0.008]  [  0.038,  0.032,  0.013]  0  0.0934   186          
 20    -13429.7416  [  0.013,  0.019,  0.006]  [  0.029,  0.025,  0.009]  0  0.0669   186          
 21    -13429.7527  [  0.011,  0.016,  0.004]  [  0.023,  0.020,  0.006]  0  0.0503   186          
 22    -13429.7595  [  0.009,  0.011,  0.002]  [  0.016,  0.015,  0.003]  0  0.0398   186          
 23    -13429.7641  [  0.008,  0.010,  0.001]  [  0.012,  0.011,  0.002]  0  0.0377   186          
 24    -13429.7676  [  0.005,  0.005,  0.000]  [  0.007,  0.006,  0.001]  0  0.0412   186          
 25    -13429.7693  [  0.084,  0.084,  0.000]  [  0.000,  0.000,  0.000]  0  0.0507   186          

   Activation energy (->) =      0.499 eV
   Activation energy (<-) =      0.498 eV
------------------------------ VCNEB step :      2 -----------------------------
                      Cell Forces RMS(eV/A)      Atom Forces RMS(eV/A)              
Image Energy-(eV)    Total, Project, Elastic    Total, Project, Elastic  F   Dist   SpaceG
  1    -13429.7693  [  0.080,  0.080,  0.000]  [  0.000,  0.000,  0.000]  0  0.0000   186          
  2    -13429.7646  [  0.004,  0.001,  0.003]  [  0.003,  0.003,  0.002]  0  0.0644   186          
  3    -13429.7492  [  0.003,  0.001,  0.002]  [  0.009,  0.009,  0.002]  0  0.0511   186          
  4    -13429.7259  [  0.003,  0.004,  0.000]  [  0.020,  0.020,  0.000]  0  0.0404   186          
  5    -13429.6933  [  0.006,  0.009,  0.003]  [  0.033,  0.032,  0.004]  0  0.0425   186          
  6    -13429.6389  [  0.015,  0.015,  0.000]  [  0.043,  0.043,  0.000]  0  0.0583   186          
  7    -13429.5797  [  0.007,  0.007,  0.000]  [  0.047,  0.047,  0.000]  0  0.0576   186          
  8    -13429.5165  [  0.008,  0.007,  0.000]  [  0.054,  0.052,  0.015]  0  0.0590   186          
  9    -13429.4170  [  0.008,  0.008,  0.000]  [  0.047,  0.047,  0.000]  0  0.1110   186          
 10    -13429.3341  [  0.000,  0.001,  0.001]  [  0.036,  0.035,  0.010]  0  0.1126   186          
 11    -13429.2708  [  0.019,  0.019,  0.000]  [  0.013,  0.013,  0.001]  0  0.1458   194    <-TS->
 12    -13429.2786  [  0.012,  0.012,  0.000]  [  0.012,  0.012,  0.001]  0  0.1508   194          
 13    -13429.3408  [  0.011,  0.009,  0.002]  [  0.032,  0.032,  0.007]  0  0.1415   186          
 14    -13429.4459  [  0.002,  0.003,  0.002]  [  0.044,  0.044,  0.005]  0  0.1405   186          
 15    -13429.5212  [  0.001,  0.002,  0.002]  [  0.053,  0.053,  0.006]  0  0.0975   186          
 16    -13429.5957  [  0.006,  0.011,  0.005]  [  0.053,  0.050,  0.012]  0  0.0970   186          
 17    -13429.6402  [  0.002,  0.001,  0.002]  [  0.048,  0.048,  0.004]  0  0.0731   186          
 18    -13429.6826  [  0.019,  0.018,  0.000]  [  0.040,  0.040,  0.001]  0  0.0735   186          
 19    -13429.7217  [  0.014,  0.022,  0.007]  [  0.038,  0.032,  0.013]  0  0.0928   186          
 20    -13429.7417  [  0.013,  0.019,  0.006]  [  0.029,  0.025,  0.009]  0  0.0668   186          
 21    -13429.7528  [  0.011,  0.015,  0.004]  [  0.023,  0.020,  0.006]  0  0.0502   186          
 22    -13429.7595  [  0.009,  0.011,  0.002]  [  0.016,  0.015,  0.003]  0  0.0397   186          
 23    -13429.7642  [  0.008,  0.010,  0.001]  [  0.012,  0.011,  0.002]  0  0.0376   186          
 24    -13429.7676  [  0.005,  0.005,  0.000]  [  0.007,  0.006,  0.001]  0  0.0411   186          
 25    -13429.7693  [  0.084,  0.084,  0.000]  [  0.000,  0.000,  0.000]  0  0.0505   186          

   Activation energy (->) =      0.498 eV
   Activation energy (<-) =      0.498 eV
------------------------------ VCNEB step :      3 -----------------------------
                      Cell Forces RMS(eV/A)      Atom Forces RMS(eV/A)              
Image Energy-(eV)    Total, Project, Elastic    Total, Project, Elastic  F   Dist   SpaceG
  1    -13429.7693  [  0.080,  0.080,  0.000]  [  0.000,  0.000,  0.000]  0  0.0000   186          
  2    -13429.7646  [  0.004,  0.001,  0.003]  [  0.003,  0.003,  0.002]  0  0.0643   186          
  3    -13429.7492  [  0.003,  0.001,  0.002]  [  0.009,  0.009,  0.002]  0  0.0511   186          
  4    -13429.7260  [  0.003,  0.004,  0.000]  [  0.020,  0.020,  0.000]  0  0.0403   186          
  5    -13429.6935  [  0.007,  0.010,  0.003]  [  0.033,  0.032,  0.004]  0  0.0424   186          
  6    -13429.6395  [  0.015,  0.015,  0.000]  [  0.042,  0.042,  0.000]  0  0.0580   186          
  7    -13429.5806  [  0.007,  0.007,  0.000]  [  0.047,  0.047,  0.001]  0  0.0571   186          
  8    -13429.5173  [  0.007,  0.007,  0.000]  [  0.054,  0.052,  0.015]  0  0.0592   186          
  9    -13429.4178  [  0.010,  0.010,  0.000]  [  0.047,  0.047,  0.001]  0  0.1107   186          
 10    -13429.3344  [  0.001,  0.001,  0.001]  [  0.036,  0.035,  0.010]  0  0.1132   186          
 11    -13429.2708  [  0.019,  0.019,  0.000]  [  0.013,  0.013,  0.001]  0  0.1465   194    <-TS->
 12    -13429.2786  [  0.011,  0.011,  0.000]  [  0.012,  0.012,  0.001]  0  0.1513   194          
 13    -13429.3413  [  0.010,  0.008,  0.002]  [  0.032,  0.032,  0.007]  0  0.1420   186          
 14    -13429.4465  [  0.002,  0.003,  0.002]  [  0.045,  0.044,  0.005]  0  0.1405   186          
 15    -13429.5222  [  0.001,  0.003,  0.002]  [  0.053,  0.053,  0.006]  0  0.0977   186          
 16    -13429.5964  [  0.007,  0.012,  0.005]  [  0.053,  0.050,  0.012]  0  0.0970   186          
 17    -13429.6410  [  0.001,  0.001,  0.002]  [  0.048,  0.048,  0.004]  0  0.0732   186          
 18    -13429.6832  [  0.019,  0.018,  0.000]  [  0.040,  0.040,  0.000]  0  0.0737   186          
 19    -13429.7219  [  0.014,  0.021,  0.007]  [  0.037,  0.031,  0.013]  0  0.0923   186          
 20    -13429.7418  [  0.013,  0.019,  0.006]  [  0.029,  0.025,  0.009]  0  0.0668   186          
 21    -13429.7529  [  0.011,  0.015,  0.004]  [  0.023,  0.020,  0.006]  0  0.0502   186          
 22    -13429.7596  [  0.009,  0.011,  0.002]  [  0.016,  0.015,  0.003]  0  0.0397   186          
 23    -13429.7642  [  0.008,  0.010,  0.001]  [  0.012,  0.011,  0.002]  0  0.0376   186          
 24    -13429.7676  [  0.005,  0.005,  0.000]  [  0.007,  0.006,  0.001]  0  0.0410   186          
 25    -13429.7693  [  0.084,  0.084,  0.000]  [  0.000,  0.000,  0.000]  0  0.0503   186          

   Activation energy (->) =      0.498 eV
   Activation energy (<-) =      0.498 eV
------------------------------ VCNEB step :      4 -----------------------------
                      Cell Forces RMS(eV/A)      Atom Forces RMS(eV/A)              
Image Energy-(eV)    Total, Project, Elastic    Total, Project, Elastic  F   Dist   SpaceG
  1    -13429.7693  [  0.080,  0.080,  0.000]  [  0.000,  0.000,  0.000]  0  0.0000   186          
  2    -13429.7646  [  0.004,  0.001,  0.003]  [  0.003,  0.003,  0.002]  0  0.0642   186          
  3    -13429.7493  [  0.003,  0.001,  0.002]  [  0.009,  0.009,  0.002]  0  0.0511   186          
  4    -13429.7261  [  0.003,  0.004,  0.000]  [  0.020,  0.020,  0.000]  0  0.0403   186          
  5    -13429.6938  [  0.007,  0.010,  0.003]  [  0.033,  0.032,  0.004]  0  0.0423   186          
  6    -13429.6401  [  0.010,  0.010,  0.000]  [  0.042,  0.042,  0.000]  0  0.0576   186          
  7    -13429.5815  [  0.006,  0.006,  0.000]  [  0.047,  0.047,  0.001]  0  0.0567   186          
  8    -13429.5180  [  0.007,  0.007,  0.000]  [  0.054,  0.052,  0.015]  0  0.0594   186          
  9    -13429.4187  [  0.010,  0.010,  0.000]  [  0.047,  0.047,  0.001]  0  0.1105   186          
 10    -13429.3348  [  0.001,  0.002,  0.001]  [  0.036,  0.035,  0.010]  0  0.1139   186          
 11    -13429.2708  [  0.005,  0.005,  0.000]  [  0.013,  0.013,  0.001]  0  0.1472   194    <-TS->
 12    -13429.2711  [  0.021,  0.021,  0.000]  [  0.012,  0.012,  0.001]  0  0.1517   194          
 13    -13429.3417  [  0.010,  0.008,  0.002]  [  0.032,  0.032,  0.006]  0  0.1424   186          
 14    -13429.4471  [  0.001,  0.002,  0.002]  [  0.045,  0.044,  0.005]  0  0.1405   186          
 15    -13429.5231  [  0.009,  0.011,  0.002]  [  0.053,  0.053,  0.006]  0  0.0980   186          
 16    -13429.5971  [  0.007,  0.012,  0.005]  [  0.053,  0.050,  0.012]  0  0.0970   186          
 17    -13429.6418  [  0.000,  0.002,  0.002]  [  0.048,  0.047,  0.004]  0  0.0733   186          
 18    -13429.6837  [  0.019,  0.019,  0.000]  [  0.040,  0.040,  0.000]  0  0.0739   186          
 19    -13429.7221  [  0.014,  0.021,  0.007]  [  0.037,  0.031,  0.013]  0  0.0917   186          
 20    -13429.7420  [  0.013,  0.019,  0.006]  [  0.029,  0.025,  0.009]  0  0.0667   186          
 21    -13429.7530  [  0.011,  0.015,  0.004]  [  0.023,  0.020,  0.006]  0  0.0501   186          
 22    -13429.7596  [  0.009,  0.011,  0.002]  [  0.016,  0.015,  0.003]  0  0.0396   186          
 23    -13429.7642  [  0.008,  0.010,  0.001]  [  0.012,  0.011,  0.002]  0  0.0375   186          
 24    -13429.7676  [  0.005,  0.005,  0.001]  [  0.007,  0.006,  0.001]  0  0.0408   186          
 25    -13429.7693  [  0.084,  0.084,  0.000]  [  0.000,  0.000,  0.000]  0  0.0501   186          

   Activation energy (->) =      0.498 eV
   Activation energy (<-) =      0.498 eV
------------------------------ VCNEB step :      5 -----------------------------
                      Cell Forces RMS(eV/A)      Atom Forces RMS(eV/A)              
Image Energy-(eV)    Total, Project, Elastic    Total, Project, Elastic  F   Dist   SpaceG
  1    -13429.7693  [  0.080,  0.080,  0.000]  [  0.000,  0.000,  0.000]  0  0.0000   186          
  2    -13429.7646  [  0.004,  0.001,  0.003]  [  0.003,  0.003,  0.002]  0  0.0642   186          
  3    -13429.7493  [  0.003,  0.001,  0.002]  [  0.009,  0.009,  0.002]  0  0.0511   186          
  4    -13429.7262  [  0.004,  0.004,  0.000]  [  0.021,  0.020,  0.000]  0  0.0402   186          
  5    -13429.6940  [  0.007,  0.010,  0.003]  [  0.033,  0.032,  0.003]  0  0.0422   186          
  6    -13429.6408  [  0.010,  0.010,  0.000]  [  0.042,  0.042,  0.000]  0  0.0573   186          
  7    -13429.5824  [  0.006,  0.005,  0.000]  [  0.047,  0.047,  0.001]  0  0.0564   186          
  8    -13429.5187  [  0.007,  0.006,  0.000]  [  0.054,  0.052,  0.015]  0  0.0596   186          
  9    -13429.4195  [  0.008,  0.008,  0.000]  [  0.047,  0.047,  0.001]  0  0.1102   186          
 10    -13429.3351  [  0.002,  0.002,  0.001]  [  0.036,  0.035,  0.009]  0  0.1145   186          
 11    -13429.2708  [  0.018,  0.018,  0.000]  [  0.013,  0.013,  0.001]  0  0.1473   194    <-TS->
 12    -13429.2788  [  0.012,  0.012,  0.000]  [  0.012,  0.012,  0.001]  0  0.1521   194          
 13    -13429.3421  [  0.010,  0.008,  0.002]  [  0.032,  0.032,  0.006]  0  0.1429   186          
 14    -13429.4477  [  0.001,  0.002,  0.002]  [  0.045,  0.044,  0.005]  0  0.1405   186          
 15    -13429.5239  [  0.010,  0.012,  0.002]  [  0.054,  0.053,  0.006]  0  0.0983   186          
 16    -13429.5978  [  0.003,  0.008,  0.005]  [  0.052,  0.050,  0.012]  0  0.0968   186          
 17    -13429.6426  [  0.002,  0.003,  0.002]  [  0.047,  0.047,  0.004]  0  0.0734   186          
 18    -13429.6843  [  0.019,  0.019,  0.000]  [  0.040,  0.040,  0.000]  0  0.0740   186          
 19    -13429.7223  [  0.014,  0.021,  0.007]  [  0.037,  0.031,  0.013]  0  0.0912   186          
 20    -13429.7421  [  0.013,  0.019,  0.006]  [  0.029,  0.025,  0.009]  0  0.0666   186          
 21    -13429.7530  [  0.011,  0.015,  0.004]  [  0.023,  0.020,  0.006]  0  0.0500   186          
 22    -13429.7597  [  0.012,  0.014,  0.002]  [  0.017,  0.015,  0.003]  0  0.0396   186          
 23    -13429.7643  [  0.008,  0.009,  0.001]  [  0.012,  0.011,  0.002]  0  0.0374   186          
 24    -13429.7676  [  0.005,  0.005,  0.001]  [  0.007,  0.006,  0.001]  0  0.0407   186          
 25    -13429.7693  [  0.084,  0.084,  0.000]  [  0.000,  0.000,  0.000]  0  0.0499   186          

   Activation energy (->) =      0.498 eV
   Activation energy (<-) =      0.498 eV
