&control
  calculation ='relax'
  restart_mode ='from_scratch',
  prefix       ='ZnO',
  outdir='./temp'
  pseudo_dir='./GBRV_PBEsol'
  disk_io='low'
  etot_conv_thr=1.D-7,
  forc_conv_thr=1.D-6,
  verbosity    ='high',
  tprnfor=.t.
  tstress=.t.
  nstep=200
!  tefield = .true.
!  dipfield = .true.

 /
&system
  nosym = .true.,
  ibrav= 0,
  nat=  72,
  ntyp= 3,
  tot_charge = 0.0
  ecutwfc =  60,
  ecutrho = 500,
  occupations='smearing', smearing='mv', degauss=0.001,
!  eamp = 0.0
!  edir = 3
!  emaxpos = 0.1
!  eopreg = 0.05

!  input_dft='hse', nqx1=2, nqx2=2, nqx3=1,
!  x_gamma_extrapolation = .true.
!  vdw_corr = DFT-D3
/

&electrons
    mixing_mode = 'plain'
    mixing_beta = 0.5,
    conv_thr =  1.0d-8
!   Startingpot = 'file'
!   Startingwfc = 'file'
/

&IONS
  upscale           = 100.D0,
/

&CELL
  cell_dynamics     = 'bfgs'
  press_conv_thr    = 0.5d0
  cell_dofree = 'all'
/

ATOMIC_SPECIES
Zn 65.38   zn_pbesol_v1.uspp.F.UPF
O  15.999  o_pbesol_v1.2.uspp.F.UPF
Mg 24.305   mg_pbesol_v1.4.uspp.F.UPF

K_POINTS {automatic}
4 4 4 0 0 0 

CELL_PARAMETERS (angstrom)
  10.304906095   0.000058539   0.000006639
  -5.152386411   8.923902368  -0.000331318
  -0.000004398  -0.000376357   8.833936238

ATOMIC_POSITIONS (crystal)
Mg       0.444691562   0.889057898   0.504851277    1   1   0
Mg       0.887945860   0.776519580   0.751310090    1   1   0
Mg       0.888592222   0.111241979   0.753567702    1   1   0
Mg       0.223132161   0.444553254   0.755197351    1   1   0
Mg       0.776431641   0.887533988   0.003847146    1   1   0
Mg       0.112106916   0.888810388   0.003957708    1   1   0
O        0.889603904   0.778499787   0.001043402    1   1   0
O        0.888526970   0.110592730   0.001572130    1   1   0
O        0.222291003   0.444364155   0.002287566    1   1   0
O        0.554776091   0.110292419   0.002931866    1   1   0
O        0.222814330   0.777736111   0.003385263    1   1   0
O        0.222035989   0.111220668   0.003450915    1   1   0
O        0.554837971   0.777546168   0.003614286    1   1   0
O        0.889194346   0.444874394   0.003847160    1   1   0
O        0.555906848   0.444771354   0.003957711    1   1   0
O        0.777982939   0.888974817   0.250681356    1   1   0
O        0.111184752   0.888802859   0.251314342    1   1   0
O        0.777606769   0.222107420   0.253157399    1   1   0
O        0.110802786   0.222434794   0.253255046    1   1   0
O        0.777959303   0.555732009   0.253283768    1   1   0
O        0.444140498   0.555218278   0.253565728    1   1   0
O        0.111260874   0.555251731   0.253589371    1   1   0
O        0.444467256   0.222245939   0.253865279    1   1   0
O        0.444577628   0.889039560   0.255788018    1   1   0
O        0.222092968   0.777963976   0.502993307    1   1   0
O        0.221971468   0.110581618   0.503001870    1   1   0
O        0.556258348   0.778078476   0.503014625    1   1   0
O        0.888959594   0.777825604   0.503602487    1   1   0
O        0.888853931   0.444380384   0.503654216    1   1   0
O        0.555430647   0.111226392   0.503662158    1   1   0
O        0.555687998   0.444363854   0.503858679    1   1   0
O        0.888098528   0.110699440   0.504021376    1   1   0
O        0.222729010   0.445012355   0.504851280    1   1   0
O        0.444700809   0.888632014   0.751310137    1   1   0
O        0.110748058   0.222396659   0.751990635    1   1   0
O        0.110874147   0.555239147   0.753032182    1   1   0
O        0.777765026   0.222469931   0.753411852    1   1   0
O        0.777573977   0.555180525   0.753466489    1   1   0
O        0.445179600   0.555787808   0.753567688    1   1   0
O        0.443769830   0.222339640   0.753841896    1   1   0
O        0.110476140   0.888688003   0.755118274    1   1   0
O        0.778795634   0.889280904   0.755197366    1   1   0
Zn       0.888910556   0.777444409   0.250681375    1   1   0
Zn       0.889073295   0.111799585   0.251314315    1   1   0
Zn       0.222146174   0.444344259   0.253157403    1   1   0
Zn       0.555408430   0.111142673   0.253255121    1   1   0
Zn       0.222544766   0.777194542   0.253283779    1   1   0
Zn       0.554899729   0.777367584   0.253565676    1   1   0
Zn       0.222376993   0.111872193   0.253589357    1   1   0
Zn       0.889157547   0.444402761   0.253865268    1   1   0
Zn       0.555529025   0.444330664   0.255788016    1   1   0
Zn       0.777444608   0.888492316   0.502993328    1   1   0
Zn       0.111305346   0.888516652   0.503001875    1   1   0
Zn       0.777788867   0.554913569   0.503014598    1   1   0
Zn       0.111025824   0.222298010   0.503602450    1   1   0
Zn       0.776913392   0.222619702   0.503654252    1   1   0
Zn       0.445439367   0.556232298   0.503662135    1   1   0
Zn       0.110657834   0.555851315   0.503858728    1   1   0
Zn       0.444737158   0.222070990   0.504021349    1   1   0
Zn       0.221190589   0.777499188   0.751990631    1   1   0
Zn       0.557428089   0.777494082   0.753032137    1   1   0
Zn       0.555971846   0.112536812   0.753411803    1   1   0
Zn       0.221460054   0.111213315   0.753466642    1   1   0
Zn       0.556261408   0.444709915   0.753841930    1   1   0
Zn       0.888012087   0.444399815   0.755118249    1   1   0
Zn       0.443755249   0.887458467   0.001043466    1   1   0
Zn       0.111220008   0.221985650   0.001572062    1   1   0
Zn       0.111672281   0.556392134   0.002287574    1   1   0
Zn       0.777676543   0.222591987   0.002931829    1   1   0
Zn       0.445055400   0.556023755   0.003385298    1   1   0
Zn       0.778103072   0.556477463   0.003450921    1   1   0
Zn       0.443998127   0.222754883   0.003614318    1   1   0

