
VCNEB Calcualtion Step    0

Image  Energy-(eV)  Dist 
  1   -8858.9990  0.0000
  2   -8858.9607  0.1357
  3   -8858.8799  0.1357
  4   -8858.7836  0.1357
  5   -8858.7104  0.1357
  6   -8858.6805  0.1740
  7   -8858.6837  0.2101
  8   -8858.7266  0.2101
  9   -8858.8039  0.2101
 10   -8858.8944  0.2101
 11   -8858.9659  0.2101
 12   -8858.9989  0.2101

VCNEB Calcualtion Step    1

Image  Energy-(eV)  Dist 
  1   -8858.9990  0.0000
  2   -8858.9613  0.1355
  3   -8858.8812  0.1357
  4   -8858.7850  0.1357
  5   -8858.7113  0.1366
  6   -8858.6805  0.1743
  7   -8858.6842  0.2086
  8   -8858.7279  0.2100
  9   -8858.8053  0.2108
 10   -8858.8955  0.2104
 11   -8858.9663  0.2102
 12   -8858.9989  0.2103

VCNEB Calcualtion Step    2

Image  Energy-(eV)  Dist 
  1   -8858.9990  0.0000
  2   -8858.9619  0.1352
  3   -8858.8826  0.1357
  4   -8858.7865  0.1357
  5   -8858.7122  0.1375
  6   -8858.6805  0.1746
  7   -8858.6846  0.2074
  8   -8858.7288  0.2106
  9   -8858.8068  0.2108
 10   -8858.8965  0.2108
 11   -8858.9667  0.2103
 12   -8858.9989  0.2104

VCNEB Calcualtion Step    3

Image  Energy-(eV)  Dist 
  1   -8858.9990  0.0000
  2   -8858.9625  0.1350
  3   -8858.8838  0.1357
  4   -8858.7880  0.1357
  5   -8858.7131  0.1384
  6   -8858.6805  0.1749
  7   -8858.6851  0.2063
  8   -8858.7297  0.2112
  9   -8858.8082  0.2109
 10   -8858.8976  0.2111
 11   -8858.9670  0.2103
 12   -8858.9989  0.2106

VCNEB Calcualtion Step    4

Image  Energy-(eV)  Dist 
  1   -8858.9990  0.0000
  2   -8858.9630  0.1348
  3   -8858.8851  0.1357
  4   -8858.7896  0.1357
  5   -8858.7139  0.1393
  6   -8858.6805  0.1753
  7   -8858.6855  0.2051
  8   -8858.7307  0.2115
  9   -8858.8095  0.2113
 10   -8858.8986  0.2114
 11   -8858.9674  0.2103
 12   -8858.9989  0.2107

VCNEB Calcualtion Step    5

Image  Energy-(eV)  Dist 
  1   -8858.9990  0.0000
  2   -8858.9635  0.1346
  3   -8858.8863  0.1357
  4   -8858.7911  0.1358
  5   -8858.7147  0.1402
  6   -8858.6805  0.1757
  7   -8858.6859  0.2041
  8   -8858.7319  0.2115
  9   -8858.8109  0.2119
 10   -8858.8996  0.2117
 11   -8858.9677  0.2104
 12   -8858.9989  0.2108

VCNEB Calcualtion Step    6

Image  Energy-(eV)  Dist 
  1   -8858.9990  0.0000
  2   -8858.9640  0.1344
  3   -8858.8875  0.1357
  4   -8858.7926  0.1358
  5   -8858.7155  0.1411
  6   -8858.6805  0.1761
  7   -8858.6863  0.2030
  8   -8858.7329  0.2116
  9   -8858.8122  0.2126
 10   -8858.9005  0.2120
 11   -8858.9680  0.2104
 12   -8858.9989  0.2109

VCNEB Calcualtion Step    7

Image  Energy-(eV)  Dist 
  1   -8858.9990  0.0000
  2   -8858.9645  0.1342
  3   -8858.8886  0.1357
  4   -8858.7941  0.1359
  5   -8858.7163  0.1420
  6   -8858.6805  0.1766
  7   -8858.6867  0.2020
  8   -8858.7338  0.2120
  9   -8858.8134  0.2128
 10   -8858.9014  0.2123
 11   -8858.9683  0.2104
 12   -8858.9989  0.2110

VCNEB Calcualtion Step    8

Image  Energy-(eV)  Dist 
  1   -8858.9990  0.0000
  2   -8858.9650  0.1340
  3   -8858.8898  0.1357
  4   -8858.7953  0.1359
  5   -8858.7171  0.1429
  6   -8858.6805  0.1771
  7   -8858.6871  0.2009
  8   -8858.7347  0.2125
  9   -8858.8147  0.2131
 10   -8858.9023  0.2127
 11   -8858.9686  0.2103
 12   -8858.9989  0.2111

VCNEB Calcualtion Step    9

Image  Energy-(eV)  Dist 
  1   -8858.9990  0.0000
  2   -8858.9654  0.1338
  3   -8858.8909  0.1357
  4   -8858.7964  0.1360
  5   -8858.7178  0.1439
  6   -8858.6804  0.1776
  7   -8858.6875  0.2000
  8   -8858.7356  0.2129
  9   -8858.8159  0.2134
 10   -8858.9031  0.2130
 11   -8858.9689  0.2103
 12   -8858.9989  0.2111

VCNEB Calcualtion Step   10

Image  Energy-(eV)  Dist 
  1   -8858.9990  0.0000
  2   -8858.9659  0.1336
  3   -8858.8920  0.1357
  4   -8858.7976  0.1360
  5   -8858.7185  0.1448
  6   -8858.6804  0.1781
  7   -8858.6879  0.1990
  8   -8858.7365  0.2133
  9   -8858.8171  0.2138
 10   -8858.9040  0.2134
 11   -8858.9691  0.2103
 12   -8858.9989  0.2112

VCNEB Calcualtion Step   11

Image  Energy-(eV)  Dist 
  1   -8858.9990  0.0000
  2   -8858.9663  0.1334
  3   -8858.8930  0.1357
  4   -8858.7987  0.1361
  5   -8858.7193  0.1457
  6   -8858.6804  0.1787
  7   -8858.6883  0.1981
  8   -8858.7374  0.2136
  9   -8858.8181  0.2143
 10   -8858.9048  0.2135
 11   -8858.9694  0.2103
 12   -8858.9989  0.2113

VCNEB Calcualtion Step   12

Image  Energy-(eV)  Dist 
  1   -8858.9990  0.0000
  2   -8858.9667  0.1333
  3   -8858.8940  0.1357
  4   -8858.7998  0.1361
  5   -8858.7200  0.1466
  6   -8858.6804  0.1792
  7   -8858.6886  0.1973
  8   -8858.7383  0.2138
  9   -8858.8191  0.2149
 10   -8858.9056  0.2137
 11   -8858.9697  0.2102
 12   -8858.9989  0.2113

VCNEB Calcualtion Step   13

Image  Energy-(eV)  Dist 
  1   -8858.9990  0.0000
  2   -8858.9671  0.1331
  3   -8858.8950  0.1358
  4   -8858.8009  0.1361
  5   -8858.7206  0.1476
  6   -8858.6804  0.1798
  7   -8858.6890  0.1965
  8   -8858.7392  0.2142
  9   -8858.8201  0.2154
 10   -8858.9063  0.2139
 11   -8858.9699  0.2102
 12   -8858.9989  0.2114

VCNEB Calcualtion Step   14

Image  Energy-(eV)  Dist 
  1   -8858.9990  0.0000
  2   -8858.9675  0.1329
  3   -8858.8960  0.1358
  4   -8858.8020  0.1362
  5   -8858.7213  0.1485
  6   -8858.6804  0.1804
  7   -8858.6893  0.1957
  8   -8858.7401  0.2144
  9   -8858.8211  0.2161
 10   -8858.9070  0.2141
 11   -8858.9702  0.2102
 12   -8858.9989  0.2114

VCNEB Calcualtion Step   15

Image  Energy-(eV)  Dist 
  1   -8858.9990  0.0000
  2   -8858.9679  0.1328
  3   -8858.8970  0.1358
  4   -8858.8030  0.1362
  5   -8858.7219  0.1493
  6   -8858.6804  0.1810
  7   -8858.6897  0.1949
  8   -8858.7409  0.2147
  9   -8858.8220  0.2167
 10   -8858.9078  0.2142
 11   -8858.9704  0.2101
 12   -8858.9989  0.2114

VCNEB Calcualtion Step   16

Image  Energy-(eV)  Dist 
  1   -8858.9990  0.0000
  2   -8858.9683  0.1326
  3   -8858.8979  0.1359
  4   -8858.8041  0.1363
  5   -8858.7225  0.1502
  6   -8858.6804  0.1817
  7   -8858.6900  0.1942
  8   -8858.7418  0.2150
  9   -8858.8229  0.2173
 10   -8858.9085  0.2144
 11   -8858.9706  0.2101
 12   -8858.9989  0.2114

VCNEB Calcualtion Step   17

Image  Energy-(eV)  Dist 
  1   -8858.9990  0.0000
  2   -8858.9686  0.1324
  3   -8858.8988  0.1359
  4   -8858.8051  0.1363
  5   -8858.7230  0.1511
  6   -8858.6804  0.1823
  7   -8858.6903  0.1935
  8   -8858.7426  0.2151
  9   -8858.8237  0.2180
 10   -8858.9091  0.2145
 11   -8858.9708  0.2100
 12   -8858.9989  0.2114

VCNEB Calcualtion Step   18

Image  Energy-(eV)  Dist 
  1   -8858.9990  0.0000
  2   -8858.9690  0.1323
  3   -8858.8997  0.1359
  4   -8858.8061  0.1364
  5   -8858.7236  0.1520
  6   -8858.6804  0.1830
  7   -8858.6906  0.1929
  8   -8858.7435  0.2153
  9   -8858.8246  0.2188
 10   -8858.9098  0.2146
 11   -8858.9710  0.2100
 12   -8858.9989  0.2114

VCNEB Calcualtion Step   19

Image  Energy-(eV)  Dist 
  1   -8858.9990  0.0000
  2   -8858.9693  0.1321
  3   -8858.9006  0.1360
  4   -8858.8071  0.1364
  5   -8858.7241  0.1528
  6   -8858.6804  0.1836
  7   -8858.6909  0.1923
  8   -8858.7440  0.2160
  9   -8858.8254  0.2190
 10   -8858.9104  0.2147
 11   -8858.9712  0.2099
 12   -8858.9989  0.2114

VCNEB Calcualtion Step   20

Image  Energy-(eV)  Dist 
  1   -8858.9990  0.0000
  2   -8858.9697  0.1320
  3   -8858.9014  0.1360
  4   -8858.8081  0.1365
  5   -8858.7247  0.1536
  6   -8858.6804  0.1843
  7   -8858.6912  0.1918
  8   -8858.7446  0.2166
  9   -8858.8262  0.2192
 10   -8858.9110  0.2149
 11   -8858.9714  0.2099
 12   -8858.9989  0.2114

VCNEB Calcualtion Step   21

Image  Energy-(eV)  Dist 
  1   -8858.9990  0.0000
  2   -8858.9700  0.1319
  3   -8858.9023  0.1360
  4   -8858.8091  0.1366
  5   -8858.7252  0.1544
  6   -8858.6804  0.1850
  7   -8858.6915  0.1913
  8   -8858.7454  0.2167
  9   -8858.8270  0.2199
 10   -8858.9116  0.2150
 11   -8858.9716  0.2098
 12   -8858.9989  0.2113

VCNEB Calcualtion Step   22

Image  Energy-(eV)  Dist 
  1   -8858.9990  0.0000
  2   -8858.9703  0.1317
  3   -8858.9031  0.1361
  4   -8858.8101  0.1366
  5   -8858.7257  0.1552
  6   -8858.6804  0.1856
  7   -8858.6917  0.1908
  8   -8858.7459  0.2172
  9   -8858.8278  0.2201
 10   -8858.9122  0.2151
 11   -8858.9718  0.2097
 12   -8858.9989  0.2113

VCNEB Calcualtion Step   23

Image  Energy-(eV)  Dist 
  1   -8858.9990  0.0000
  2   -8858.9706  0.1316
  3   -8858.9039  0.1361
  4   -8858.8110  0.1367
  5   -8858.7262  0.1560
  6   -8858.6804  0.1863
  7   -8858.6920  0.1904
  8   -8858.7464  0.2178
  9   -8858.8285  0.2202
 10   -8858.9128  0.2152
 11   -8858.9720  0.2096
 12   -8858.9989  0.2112

VCNEB Calcualtion Step   24

Image  Energy-(eV)  Dist 
  1   -8858.9990  0.0000
  2   -8858.9709  0.1315
  3   -8858.9046  0.1361
  4   -8858.8119  0.1368
  5   -8858.7266  0.1567
  6   -8858.6804  0.1870
  7   -8858.6922  0.1900
  8   -8858.7469  0.2183
  9   -8858.8292  0.2204
 10   -8858.9134  0.2154
 11   -8858.9721  0.2095
 12   -8858.9989  0.2112

VCNEB Calcualtion Step   25

Image  Energy-(eV)  Dist 
  1   -8858.9990  0.0000
  2   -8858.9712  0.1313
  3   -8858.9054  0.1362
  4   -8858.8129  0.1369
  5   -8858.7271  0.1575
  6   -8858.6804  0.1877
  7   -8858.6925  0.1897
  8   -8858.7477  0.2183
  9   -8858.8300  0.2212
 10   -8858.9139  0.2155
 11   -8858.9723  0.2095
 12   -8858.9989  0.2111

VCNEB Calcualtion Step   26

Image  Energy-(eV)  Dist 
  1   -8858.9990  0.0000
  2   -8858.9715  0.1312
  3   -8858.9061  0.1362
  4   -8858.8138  0.1370
  5   -8858.7275  0.1582
  6   -8858.6804  0.1884
  7   -8858.6927  0.1894
  8   -8858.7484  0.2184
  9   -8858.8307  0.2219
 10   -8858.9144  0.2156
 11   -8858.9725  0.2094
 12   -8858.9989  0.2111

VCNEB Calcualtion Step   27

Image  Energy-(eV)  Dist 
  1   -8858.9990  0.0000
  2   -8858.9717  0.1311
  3   -8858.9068  0.1363
  4   -8858.8147  0.1370
  5   -8858.7280  0.1588
  6   -8858.6804  0.1891
  7   -8858.6930  0.1891
  8   -8858.7491  0.2184
  9   -8858.8313  0.2226
 10   -8858.9149  0.2157
 11   -8858.9726  0.2093
 12   -8858.9989  0.2110

VCNEB Calcualtion Step   28

Image  Energy-(eV)  Dist 
  1   -8858.9990  0.0000
  2   -8858.9720  0.1310
  3   -8858.9075  0.1363
  4   -8858.8155  0.1371
  5   -8858.7284  0.1595
  6   -8858.6804  0.1898
  7   -8858.6932  0.1888
  8   -8858.7498  0.2185
  9   -8858.8320  0.2233
 10   -8858.9154  0.2158
 11   -8858.9728  0.2092
 12   -8858.9989  0.2109

VCNEB Calcualtion Step   29

Image  Energy-(eV)  Dist 
  1   -8858.9990  0.0000
  2   -8858.9722  0.1308
  3   -8858.9082  0.1363
  4   -8858.8164  0.1372
  5   -8858.7286  0.1592
  6   -8858.6804  0.1903
  7   -8858.6934  0.1885
  8   -8858.7502  0.2191
  9   -8858.8327  0.2234
 10   -8858.9159  0.2160
 11   -8858.9729  0.2091
 12   -8858.9989  0.2108

VCNEB Calcualtion Step   30

Image  Energy-(eV)  Dist 
  1   -8858.9990  0.0000
  2   -8858.9725  0.1307
  3   -8858.9089  0.1364
  4   -8858.8173  0.1373
  5   -8858.7290  0.1598
  6   -8858.6804  0.1910
  7   -8858.6937  0.1883
  8   -8858.7507  0.2197
  9   -8858.8333  0.2235
 10   -8858.9164  0.2161
 11   -8858.9731  0.2089
 12   -8858.9989  0.2107

VCNEB Calcualtion Step   31

Image  Energy-(eV)  Dist 
  1   -8858.9990  0.0000
  2   -8858.9727  0.1306
  3   -8858.9096  0.1364
  4   -8858.8181  0.1374
  5   -8858.7291  0.1594
  6   -8858.6804  0.1915
  7   -8858.6939  0.1881
  8   -8858.7511  0.2202
  9   -8858.8339  0.2236
 10   -8858.9169  0.2162
 11   -8858.9732  0.2088
 12   -8858.9989  0.2107

VCNEB Calcualtion Step   32

Image  Energy-(eV)  Dist 
  1   -8858.9990  0.0000
  2   -8858.9730  0.1305
  3   -8858.9102  0.1365
  4   -8858.8189  0.1376
  5   -8858.7293  0.1591
  6   -8858.6804  0.1920
  7   -8858.6941  0.1880
  8   -8858.7515  0.2207
  9   -8858.8345  0.2238
 10   -8858.9173  0.2163
 11   -8858.9733  0.2087
 12   -8858.9989  0.2105

VCNEB Calcualtion Step   33

Image  Energy-(eV)  Dist 
  1   -8858.9990  0.0000
  2   -8858.9732  0.1304
  3   -8858.9108  0.1365
  4   -8858.8197  0.1377
  5   -8858.7294  0.1587
  6   -8858.6804  0.1925
  7   -8858.6943  0.1879
  8   -8858.7519  0.2212
  9   -8858.8351  0.2239
 10   -8858.9178  0.2164
 11   -8858.9735  0.2086
 12   -8858.9989  0.2104

VCNEB Calcualtion Step   34

Image  Energy-(eV)  Dist 
  1   -8858.9990  0.0000
  2   -8858.9734  0.1303
  3   -8858.9114  0.1365
  4   -8858.8205  0.1378
  5   -8858.7296  0.1584
  6   -8858.6804  0.1930
  7   -8858.6945  0.1878
  8   -8858.7523  0.2216
  9   -8858.8357  0.2240
 10   -8858.9182  0.2165
 11   -8858.9736  0.2085
 12   -8858.9989  0.2103

VCNEB Calcualtion Step   35

Image  Energy-(eV)  Dist 
  1   -8858.9990  0.0000
  2   -8858.9736  0.1302
  3   -8858.9120  0.1366
  4   -8858.8212  0.1379
  5   -8858.7297  0.1581
  6   -8858.6804  0.1935
  7   -8858.6947  0.1878
  8   -8858.7527  0.2221
  9   -8858.8363  0.2242
 10   -8858.9186  0.2167
 11   -8858.9737  0.2084
 12   -8858.9989  0.2102

VCNEB Calcualtion Step   36

Image  Energy-(eV)  Dist 
  1   -8858.9990  0.0000
  2   -8858.9738  0.1301
  3   -8858.9126  0.1366
  4   -8858.8220  0.1381
  5   -8858.7298  0.1578
  6   -8858.6804  0.1940
  7   -8858.6949  0.1878
  8   -8858.7531  0.2225
  9   -8858.8369  0.2244
 10   -8858.9190  0.2168
 11   -8858.9738  0.2083
 12   -8858.9989  0.2101

VCNEB Calcualtion Step   37

Image  Energy-(eV)  Dist 
  1   -8858.9990  0.0000
  2   -8858.9741  0.1300
  3   -8858.9132  0.1367
  4   -8858.8227  0.1382
  5   -8858.7300  0.1576
  6   -8858.6804  0.1944
  7   -8858.6951  0.1878
  8   -8858.7535  0.2229
  9   -8858.8374  0.2245
 10   -8858.9194  0.2169
 11   -8858.9740  0.2081
 12   -8858.9989  0.2099

VCNEB Calcualtion Step   38

Image  Energy-(eV)  Dist 
  1   -8858.9990  0.0000
  2   -8858.9743  0.1299
  3   -8858.9137  0.1367
  4   -8858.8234  0.1383
  5   -8858.7301  0.1573
  6   -8858.6804  0.1949
  7   -8858.6953  0.1878
  8   -8858.7539  0.2233
  9   -8858.8380  0.2247
 10   -8858.9198  0.2170
 11   -8858.9741  0.2080
 12   -8858.9989  0.2098

VCNEB Calcualtion Step   39

Image  Energy-(eV)  Dist 
  1   -8858.9990  0.0000
  2   -8858.9744  0.1298
  3   -8858.9143  0.1367
  4   -8858.8241  0.1385
  5   -8858.7302  0.1571
  6   -8858.6804  0.1953
  7   -8858.6955  0.1878
  8   -8858.7543  0.2237
  9   -8858.8385  0.2249
 10   -8858.9202  0.2170
 11   -8858.9742  0.2079
 12   -8858.9989  0.2097

VCNEB Calcualtion Step   40

Image  Energy-(eV)  Dist 
  1   -8858.9990  0.0000
  2   -8858.9746  0.1297
  3   -8858.9148  0.1368
  4   -8858.8247  0.1386
  5   -8858.7304  0.1569
  6   -8858.6804  0.1958
  7   -8858.6956  0.1878
  8   -8858.7547  0.2241
  9   -8858.8391  0.2251
 10   -8858.9206  0.2171
 11   -8858.9743  0.2078
 12   -8858.9989  0.2095

VCNEB Calcualtion Step   41

Image  Energy-(eV)  Dist 
  1   -8858.9990  0.0000
  2   -8858.9748  0.1296
  3   -8858.9154  0.1368
  4   -8858.8254  0.1388
  5   -8858.7305  0.1567
  6   -8858.6804  0.1962
  7   -8858.6958  0.1879
  8   -8858.7551  0.2245
  9   -8858.8396  0.2253
 10   -8858.9210  0.2172
 11   -8858.9744  0.2076
 12   -8858.9989  0.2094

VCNEB Calcualtion Step   42

Image  Energy-(eV)  Dist 
  1   -8858.9990  0.0000
  2   -8858.9750  0.1295
  3   -8858.9159  0.1369
  4   -8858.8260  0.1389
  5   -8858.7306  0.1565
  6   -8858.6804  0.1966
  7   -8858.6960  0.1880
  8   -8858.7554  0.2248
  9   -8858.8401  0.2255
 10   -8858.9213  0.2173
 11   -8858.9745  0.2075
 12   -8858.9989  0.2092

VCNEB Calcualtion Step   43

Image  Energy-(eV)  Dist 
  1   -8858.9990  0.0000
  2   -8858.9752  0.1294
  3   -8858.9164  0.1369
  4   -8858.8266  0.1391
  5   -8858.7308  0.1563
  6   -8858.6804  0.1970
  7   -8858.6962  0.1881
  8   -8858.7558  0.2252
  9   -8858.8406  0.2257
 10   -8858.9217  0.2173
 11   -8858.9746  0.2074
 12   -8858.9989  0.2091

VCNEB Calcualtion Step   44

Image  Energy-(eV)  Dist 
  1   -8858.9990  0.0000
  2   -8858.9753  0.1293
  3   -8858.9169  0.1369
  4   -8858.8272  0.1392
  5   -8858.7309  0.1561
  6   -8858.6804  0.1975
  7   -8858.6964  0.1882
  8   -8858.7561  0.2255
  9   -8858.8411  0.2259
 10   -8858.9220  0.2174
 11   -8858.9747  0.2072
 12   -8858.9989  0.2089

VCNEB Calcualtion Step   45

Image  Energy-(eV)  Dist 
  1   -8858.9990  0.0000
  2   -8858.9755  0.1292
  3   -8858.9173  0.1370
  4   -8858.8278  0.1394
  5   -8858.7310  0.1560
  6   -8858.6804  0.1979
  7   -8858.6965  0.1883
  8   -8858.7565  0.2258
  9   -8858.8416  0.2261
 10   -8858.9224  0.2175
 11   -8858.9748  0.2071
 12   -8858.9989  0.2087

VCNEB Calcualtion Step   46

Image  Energy-(eV)  Dist 
  1   -8858.9990  0.0000
  2   -8858.9757  0.1291
  3   -8858.9178  0.1370
  4   -8858.8283  0.1395
  5   -8858.7311  0.1559
  6   -8858.6804  0.1983
  7   -8858.6967  0.1885
  8   -8858.7568  0.2261
  9   -8858.8420  0.2263
 10   -8858.9227  0.2175
 11   -8858.9749  0.2070
 12   -8858.9989  0.2086

VCNEB Calcualtion Step   47

Image  Energy-(eV)  Dist 
  1   -8858.9990  0.0000
  2   -8858.9758  0.1291
  3   -8858.9183  0.1371
  4   -8858.8289  0.1397
  5   -8858.7314  0.1558
  6   -8858.6804  0.1986
  7   -8858.6969  0.1886
  8   -8858.7571  0.2263
  9   -8858.8425  0.2265
 10   -8858.9230  0.2176
 11   -8858.9750  0.2068
 12   -8858.9989  0.2084

VCNEB Calcualtion Step   48

Image  Energy-(eV)  Dist 
  1   -8858.9990  0.0000
  2   -8858.9760  0.1290
  3   -8858.9187  0.1371
  4   -8858.8294  0.1398
  5   -8858.7314  0.1556
  6   -8858.6804  0.1990
  7   -8858.6970  0.1888
  8   -8858.7574  0.2266
  9   -8858.8429  0.2267
 10   -8858.9233  0.2176
 11   -8858.9751  0.2067
 12   -8858.9989  0.2082

VCNEB Calcualtion Step   49

Image  Energy-(eV)  Dist 
  1   -8858.9990  0.0000
  2   -8858.9761  0.1289
  3   -8858.9191  0.1371
  4   -8858.8299  0.1400
  5   -8858.7315  0.1556
  6   -8858.6804  0.1994
  7   -8858.6972  0.1890
  8   -8858.7578  0.2268
  9   -8858.8434  0.2270
 10   -8858.9237  0.2177
 11   -8858.9752  0.2065
 12   -8858.9989  0.2080

VCNEB Calcualtion Step   50

Image  Energy-(eV)  Dist 
  1   -8858.9990  0.0000
  2   -8858.9763  0.1288
  3   -8858.9196  0.1372
  4   -8858.8304  0.1401
  5   -8858.7317  0.1555
  6   -8858.6804  0.1998
  7   -8858.6974  0.1892
  8   -8858.7581  0.2271
  9   -8858.8438  0.2272
 10   -8858.9240  0.2177
 11   -8858.9753  0.2064
 12   -8858.9989  0.2078

VCNEB Calcualtion Step   51

Image  Energy-(eV)  Dist 
  1   -8858.9990  0.0000
  2   -8858.9764  0.1288
  3   -8858.9200  0.1372
  4   -8858.8309  0.1403
  5   -8858.7318  0.1554
  6   -8858.6804  0.2001
  7   -8858.6975  0.1894
  8   -8858.7584  0.2273
  9   -8858.8443  0.2274
 10   -8858.9243  0.2178
 11   -8858.9754  0.2063
 12   -8858.9989  0.2076

VCNEB Calcualtion Step   52

Image  Energy-(eV)  Dist 
  1   -8858.9990  0.0000
  2   -8858.9766  0.1287
  3   -8858.9204  0.1372
  4   -8858.8314  0.1404
  5   -8858.7319  0.1553
  6   -8858.6804  0.2005
  7   -8858.6977  0.1895
  8   -8858.7587  0.2275
  9   -8858.8447  0.2276
 10   -8858.9246  0.2178
 11   -8858.9754  0.2061
 12   -8858.9989  0.2074

VCNEB Calcualtion Step   53

Image  Energy-(eV)  Dist 
  1   -8858.9990  0.0000
  2   -8858.9767  0.1286
  3   -8858.9208  0.1373
  4   -8858.8318  0.1406
  5   -8858.7320  0.1552
  6   -8858.6804  0.2008
  7   -8858.6979  0.1897
  8   -8858.7590  0.2277
  9   -8858.8451  0.2279
 10   -8858.9249  0.2179
 11   -8858.9755  0.2060
 12   -8858.9989  0.2073

VCNEB Calcualtion Step   54

Image  Energy-(eV)  Dist 
  1   -8858.9990  0.0000
  2   -8858.9768  0.1285
  3   -8858.9212  0.1373
  4   -8858.8323  0.1407
  5   -8858.7322  0.1552
  6   -8858.6804  0.2012
  7   -8858.6980  0.1900
  8   -8858.7594  0.2279
  9   -8858.8455  0.2281
 10   -8858.9251  0.2179
 11   -8858.9756  0.2058
 12   -8858.9989  0.2071

VCNEB Calcualtion Step   55

Image  Energy-(eV)  Dist 
  1   -8858.9990  0.0000
  2   -8858.9770  0.1285
  3   -8858.9215  0.1374
  4   -8858.8327  0.1408
  5   -8858.7322  0.1551
  6   -8858.6804  0.2015
  7   -8858.6982  0.1902
  8   -8858.7596  0.2281
  9   -8858.8459  0.2283
 10   -8858.9254  0.2179
 11   -8858.9757  0.2057
 12   -8858.9989  0.2069

VCNEB Calcualtion Step   56

Image  Energy-(eV)  Dist 
  1   -8858.9990  0.0000
  2   -8858.9771  0.1284
  3   -8858.9219  0.1374
  4   -8858.8331  0.1410
  5   -8858.7323  0.1551
  6   -8858.6805  0.2018
  7   -8858.6983  0.1904
  8   -8858.7599  0.2283
  9   -8858.8463  0.2286
 10   -8858.9257  0.2180
 11   -8858.9758  0.2055
 12   -8858.9989  0.2067

VCNEB Calcualtion Step   57

Image  Energy-(eV)  Dist 
  1   -8858.9990  0.0000
  2   -8858.9772  0.1283
  3   -8858.9223  0.1374
  4   -8858.8335  0.1411
  5   -8858.7325  0.1551
  6   -8858.6804  0.2022
  7   -8858.6985  0.1906
  8   -8858.7602  0.2285
  9   -8858.8467  0.2288
 10   -8858.9260  0.2180
 11   -8858.9758  0.2054
 12   -8858.9989  0.2064

VCNEB Calcualtion Step   58

Image  Energy-(eV)  Dist 
  1   -8858.9990  0.0000
  2   -8858.9773  0.1283
  3   -8858.9226  0.1375
  4   -8858.8339  0.1412
  5   -8858.7327  0.1550
  6   -8858.6804  0.2025
  7   -8858.6986  0.1909
  8   -8858.7605  0.2287
  9   -8858.8471  0.2290
 10   -8858.9262  0.2180
 11   -8858.9759  0.2052
 12   -8858.9989  0.2062

VCNEB Calcualtion Step   59

Image  Energy-(eV)  Dist 
  1   -8858.9990  0.0000
  2   -8858.9774  0.1282
  3   -8858.9229  0.1375
  4   -8858.8343  0.1413
  5   -8858.7327  0.1550
  6   -8858.6804  0.2028
  7   -8858.6988  0.1911
  8   -8858.7609  0.2289
  9   -8858.8475  0.2293
 10   -8858.9265  0.2180
 11   -8858.9760  0.2051
 12   -8858.9989  0.2060

VCNEB Calcualtion Step   60

Image  Energy-(eV)  Dist 
  1   -8858.9990  0.0000
  2   -8858.9775  0.1281
  3   -8858.9233  0.1375
  4   -8858.8346  0.1415
  5   -8858.7328  0.1550
  6   -8858.6805  0.2032
  7   -8858.6989  0.1913
  8   -8858.7611  0.2290
  9   -8858.8479  0.2295
 10   -8858.9268  0.2181
 11   -8858.9761  0.2049
 12   -8858.9989  0.2058

VCNEB Calcualtion Step   61

Image  Energy-(eV)  Dist 
  1   -8858.9990  0.0000
  2   -8858.9776  0.1281
  3   -8858.9236  0.1376
  4   -8858.8350  0.1416
  5   -8858.7329  0.1550
  6   -8858.6804  0.2035
  7   -8858.6991  0.1916
  8   -8858.7613  0.2292
  9   -8858.8482  0.2297
 10   -8858.9270  0.2181
 11   -8858.9761  0.2048
 12   -8858.9989  0.2056

VCNEB Calcualtion Step   62

Image  Energy-(eV)  Dist 
  1   -8858.9990  0.0000
  2   -8858.9778  0.1280
  3   -8858.9239  0.1376
  4   -8858.8353  0.1417
  5   -8858.7330  0.1550
  6   -8858.6804  0.2038
  7   -8858.6994  0.1919
  8   -8858.7616  0.2294
  9   -8858.8486  0.2300
 10   -8858.9273  0.2181
 11   -8858.9762  0.2046
 12   -8858.9989  0.2054

VCNEB Calcualtion Step   63

Image  Energy-(eV)  Dist 
  1   -8858.9990  0.0000
  2   -8858.9778  0.1280
  3   -8858.9242  0.1376
  4   -8858.8357  0.1418
  5   -8858.7332  0.1549
  6   -8858.6804  0.2041
  7   -8858.6994  0.1922
  8   -8858.7619  0.2295
  9   -8858.8490  0.2302
 10   -8858.9275  0.2181
 11   -8858.9763  0.2045
 12   -8858.9989  0.2051

VCNEB Calcualtion Step   64

Image  Energy-(eV)  Dist 
  1   -8858.9990  0.0000
  2   -8858.9779  0.1279
  3   -8858.9245  0.1377
  4   -8858.8360  0.1419
  5   -8858.7332  0.1549
  6   -8858.6804  0.2044
  7   -8858.6996  0.1924
  8   -8858.7622  0.2297
  9   -8858.8493  0.2304
 10   -8858.9278  0.2181
 11   -8858.9763  0.2043
 12   -8858.9989  0.2049

VCNEB Calcualtion Step   65

Image  Energy-(eV)  Dist 
  1   -8858.9990  0.0000
  2   -8858.9780  0.1279
  3   -8858.9248  0.1377
  4   -8858.8363  0.1420
  5   -8858.7333  0.1549
  6   -8858.6804  0.2047
  7   -8858.6997  0.1927
  8   -8858.7624  0.2298
  9   -8858.8497  0.2307
 10   -8858.9280  0.2182
 11   -8858.9764  0.2041
 12   -8858.9989  0.2047

VCNEB Calcualtion Step   66

Image  Energy-(eV)  Dist 
  1   -8858.9990  0.0000
  2   -8858.9781  0.1278
  3   -8858.9251  0.1378
  4   -8858.8367  0.1421
  5   -8858.7334  0.1550
  6   -8858.6805  0.2050
  7   -8858.6999  0.1930
  8   -8858.7627  0.2300
  9   -8858.8500  0.2309
 10   -8858.9282  0.2182
 11   -8858.9765  0.2040
 12   -8858.9989  0.2045

VCNEB Calcualtion Step   67

Image  Energy-(eV)  Dist 
  1   -8858.9990  0.0000
  2   -8858.9782  0.1278
  3   -8858.9254  0.1378
  4   -8858.8370  0.1422
  5   -8858.7335  0.1550
  6   -8858.6804  0.2053
  7   -8858.7000  0.1933
  8   -8858.7629  0.2301
  9   -8858.8504  0.2311
 10   -8858.9285  0.2182
 11   -8858.9766  0.2038
 12   -8858.9989  0.2042

VCNEB Calcualtion Step   68

Image  Energy-(eV)  Dist 
  1   -8858.9990  0.0000
  2   -8858.9783  0.1277
  3   -8858.9256  0.1378
  4   -8858.8373  0.1423
  5   -8858.7337  0.1550
  6   -8858.6804  0.2056
  7   -8858.7003  0.1936
  8   -8858.7632  0.2302
  9   -8858.8507  0.2314
 10   -8858.9287  0.2182
 11   -8858.9766  0.2037
 12   -8858.9989  0.2040

VCNEB Calcualtion Step   69

Image  Energy-(eV)  Dist 
  1   -8858.9990  0.0000
  2   -8858.9784  0.1277
  3   -8858.9259  0.1379
  4   -8858.8375  0.1423
  5   -8858.7338  0.1550
  6   -8858.6805  0.2059
  7   -8858.7003  0.1940
  8   -8858.7635  0.2303
  9   -8858.8510  0.2316
 10   -8858.9289  0.2182
 11   -8858.9767  0.2035
 12   -8858.9989  0.2037

VCNEB Calcualtion Step   70

Image  Energy-(eV)  Dist 
  1   -8858.9990  0.0000
  2   -8858.9785  0.1276
  3   -8858.9261  0.1379
  4   -8858.8378  0.1424
  5   -8858.7339  0.1550
  6   -8858.6804  0.2062
  7   -8858.7005  0.1943
  8   -8858.7637  0.2305
  9   -8858.8514  0.2319
 10   -8858.9291  0.2183
 11   -8858.9768  0.2033
 12   -8858.9989  0.2035

VCNEB Calcualtion Step   71

Image  Energy-(eV)  Dist 
  1   -8858.9990  0.0000
  2   -8858.9785  0.1276
  3   -8858.9264  0.1379
  4   -8858.8381  0.1425
  5   -8858.7340  0.1550
  6   -8858.6804  0.2065
  7   -8858.7006  0.1946
  8   -8858.7641  0.2306
  9   -8858.8517  0.2321
 10   -8858.9293  0.2183
 11   -8858.9768  0.2032
 12   -8858.9989  0.2033

VCNEB Calcualtion Step   72

Image  Energy-(eV)  Dist 
  1   -8858.9990  0.0000
  2   -8858.9786  0.1275
  3   -8858.9266  0.1380
  4   -8858.8384  0.1425
  5   -8858.7341  0.1551
  6   -8858.6804  0.2068
  7   -8858.7008  0.1950
  8   -8858.7642  0.2307
  9   -8858.8520  0.2323
 10   -8858.9296  0.2183
 11   -8858.9769  0.2030
 12   -8858.9989  0.2030

VCNEB Calcualtion Step   73

Image  Energy-(eV)  Dist 
  1   -8858.9990  0.0000
  2   -8858.9787  0.1275
  3   -8858.9269  0.1380
  4   -8858.8386  0.1426
  5   -8858.7343  0.1551
  6   -8858.6805  0.2071
  7   -8858.7009  0.1953
  8   -8858.7645  0.2307
  9   -8858.8523  0.2325
 10   -8858.9298  0.2183
 11   -8858.9769  0.2028
 12   -8858.9989  0.2028

VCNEB Calcualtion Step   74

Image  Energy-(eV)  Dist 
  1   -8858.9990  0.0000
  2   -8858.9788  0.1275
  3   -8858.9271  0.1380
  4   -8858.8389  0.1427
  5   -8858.7343  0.1551
  6   -8858.6804  0.2074
  7   -8858.7011  0.1957
  8   -8858.7647  0.2308
  9   -8858.8526  0.2328
 10   -8858.9300  0.2183
 11   -8858.9770  0.2027
 12   -8858.9989  0.2025

VCNEB Calcualtion Step   75

Image  Energy-(eV)  Dist 
  1   -8858.9990  0.0000
  2   -8858.9788  0.1274
  3   -8858.9273  0.1380
  4   -8858.8391  0.1427
  5   -8858.7344  0.1552
  6   -8858.6804  0.2077
  7   -8858.7012  0.1960
  8   -8858.7650  0.2309
  9   -8858.8530  0.2330
 10   -8858.9302  0.2184
 11   -8858.9771  0.2025
 12   -8858.9989  0.2023

VCNEB Calcualtion Step   76

Image  Energy-(eV)  Dist 
  1   -8858.9990  0.0000
  2   -8858.9789  0.1274
  3   -8858.9275  0.1381
  4   -8858.8394  0.1428
  5   -8858.7345  0.1552
  6   -8858.6804  0.2080
  7   -8858.7015  0.1964
  8   -8858.7652  0.2310
  9   -8858.8533  0.2332
 10   -8858.9304  0.2184
 11   -8858.9771  0.2023
 12   -8858.9989  0.2020

VCNEB Calcualtion Step   77

Image  Energy-(eV)  Dist 
  1   -8858.9990  0.0000
  2   -8858.9789  0.1273
  3   -8858.9277  0.1381
  4   -8858.8397  0.1428
  5   -8858.7346  0.1552
  6   -8858.6804  0.2083
  7   -8858.7015  0.1967
  8   -8858.7654  0.2311
  9   -8858.8536  0.2334
 10   -8858.9306  0.2184
 11   -8858.9772  0.2022
 12   -8858.9989  0.2018

VCNEB Calcualtion Step   78

Image  Energy-(eV)  Dist 
  1   -8858.9990  0.0000
  2   -8858.9790  0.1273
  3   -8858.9279  0.1381
  4   -8858.8399  0.1429
  5   -8858.7348  0.1553
  6   -8858.6805  0.2086
  7   -8858.7017  0.1971
  8   -8858.7657  0.2312
  9   -8858.8539  0.2337
 10   -8858.9308  0.2184
 11   -8858.9772  0.2020
 12   -8858.9989  0.2015

VCNEB Calcualtion Step   79

Image  Energy-(eV)  Dist 
  1   -8858.9990  0.0000
  2   -8858.9791  0.1273
  3   -8858.9281  0.1382
  4   -8858.8401  0.1429
  5   -8858.7348  0.1553
  6   -8858.6804  0.2089
  7   -8858.7018  0.1975
  8   -8858.7659  0.2312
  9   -8858.8542  0.2339
 10   -8858.9310  0.2184
 11   -8858.9773  0.2018
 12   -8858.9989  0.2012

VCNEB Calcualtion Step   80

Image  Energy-(eV)  Dist 
  1   -8858.9990  0.0000
  2   -8858.9791  0.1273
  3   -8858.9283  0.1382
  4   -8858.8403  0.1430
  5   -8858.7349  0.1554
  6   -8858.6804  0.2092
  7   -8858.7020  0.1979
  8   -8858.7661  0.2313
  9   -8858.8545  0.2341
 10   -8858.9312  0.2184
 11   -8858.9773  0.2017
 12   -8858.9989  0.2010

VCNEB Calcualtion Step   81

Image  Energy-(eV)  Dist 
  1   -8858.9990  0.0000
  2   -8858.9792  0.1272
  3   -8858.9285  0.1382
  4   -8858.8406  0.1430
  5   -8858.7350  0.1554
  6   -8858.6804  0.2095
  7   -8858.7021  0.1982
  8   -8858.7664  0.2313
  9   -8858.8547  0.2343
 10   -8858.9314  0.2185
 11   -8858.9774  0.2015
 12   -8858.9989  0.2007

VCNEB Calcualtion Step   82

Image  Energy-(eV)  Dist 
  1   -8858.9990  0.0000
  2   -8858.9792  0.1272
  3   -8858.9287  0.1382
  4   -8858.8408  0.1430
  5   -8858.7352  0.1554
  6   -8858.6804  0.2098
  7   -8858.7023  0.1986
  8   -8858.7666  0.2314
  9   -8858.8550  0.2345
 10   -8858.9316  0.2185
 11   -8858.9775  0.2013
 12   -8858.9989  0.2005

VCNEB Calcualtion Step   83

Image  Energy-(eV)  Dist 
  1   -8858.9990  0.0000
  2   -8858.9793  0.1272
  3   -8858.9288  0.1383
  4   -8858.8410  0.1431
  5   -8858.7352  0.1555
  6   -8858.6805  0.2100
  7   -8858.7024  0.1990
  8   -8858.7668  0.2314
  9   -8858.8553  0.2347
 10   -8858.9317  0.2185
 11   -8858.9775  0.2012
 12   -8858.9989  0.2002

VCNEB Calcualtion Step   84

Image  Energy-(eV)  Dist 
  1   -8858.9990  0.0000
  2   -8858.9793  0.1271
  3   -8858.9290  0.1383
  4   -8858.8412  0.1431
  5   -8858.7353  0.1555
  6   -8858.6804  0.2103
  7   -8858.7026  0.1994
  8   -8858.7670  0.2315
  9   -8858.8556  0.2350
 10   -8858.9319  0.2185
 11   -8858.9776  0.2010
 12   -8858.9989  0.1999

VCNEB Calcualtion Step   85

Image  Energy-(eV)  Dist 
  1   -8858.9990  0.0000
  2   -8858.9794  0.1271
  3   -8858.9292  0.1383
  4   -8858.8414  0.1431
  5   -8858.7354  0.1556
  6   -8858.6804  0.2106
  7   -8858.7027  0.1998
  8   -8858.7673  0.2315
  9   -8858.8559  0.2352
 10   -8858.9321  0.2185
 11   -8858.9776  0.2008
 12   -8858.9989  0.1997

VCNEB Calcualtion Step   86

Image  Energy-(eV)  Dist 
  1   -8858.9990  0.0000
  2   -8858.9794  0.1271
  3   -8858.9293  0.1383
  4   -8858.8416  0.1431
  5   -8858.7355  0.1556
  6   -8858.6804  0.2109
  7   -8858.7029  0.2002
  8   -8858.7675  0.2316
  9   -8858.8561  0.2354
 10   -8858.9323  0.2185
 11   -8858.9777  0.2007
 12   -8858.9989  0.1994

VCNEB Calcualtion Step   87

Image  Energy-(eV)  Dist 
  1   -8858.9990  0.0000
  2   -8858.9795  0.1271
  3   -8858.9295  0.1384
  4   -8858.8418  0.1431
  5   -8858.7356  0.1557
  6   -8858.6804  0.2112
  7   -8858.7031  0.2006
  8   -8858.7677  0.2316
  9   -8858.8564  0.2356
 10   -8858.9325  0.2185
 11   -8858.9777  0.2005
 12   -8858.9989  0.1991

VCNEB Calcualtion Step   88

Image  Energy-(eV)  Dist 
  1   -8858.9990  0.0000
  2   -8858.9795  0.1271
  3   -8858.9296  0.1384
  4   -8858.8420  0.1432
  5   -8858.7357  0.1557
  6   -8858.6804  0.2115
  7   -8858.7032  0.2010
  8   -8858.7679  0.2316
  9   -8858.8567  0.2358
 10   -8858.9326  0.2186
 11   -8858.9778  0.2003
 12   -8858.9989  0.1989

VCNEB Calcualtion Step   89

Image  Energy-(eV)  Dist 
  1   -8858.9990  0.0000
  2   -8858.9795  0.1270
  3   -8858.9298  0.1384
  4   -8858.8422  0.1432
  5   -8858.7358  0.1558
  6   -8858.6804  0.2118
  7   -8858.7033  0.2014
  8   -8858.7681  0.2316
  9   -8858.8569  0.2360
 10   -8858.9328  0.2186
 11   -8858.9778  0.2002
 12   -8858.9989  0.1986

VCNEB Calcualtion Step   90

Image  Energy-(eV)  Dist 
  1   -8858.9990  0.0000
  2   -8858.9796  0.1270
  3   -8858.9299  0.1384
  4   -8858.8424  0.1432
  5   -8858.7358  0.1558
  6   -8858.6805  0.2120
  7   -8858.7034  0.2018
  8   -8858.7683  0.2317
  9   -8858.8572  0.2362
 10   -8858.9330  0.2186
 11   -8858.9779  0.2000
 12   -8858.9989  0.1983

VCNEB Calcualtion Step   91

Image  Energy-(eV)  Dist 
  1   -8858.9990  0.0000
  2   -8858.9796  0.1270
  3   -8858.9301  0.1384
  4   -8858.8426  0.1432
  5   -8858.7359  0.1559
  6   -8858.6804  0.2123
  7   -8858.7036  0.2022
  8   -8858.7686  0.2317
  9   -8858.8575  0.2364
 10   -8858.9332  0.2186
 11   -8858.9779  0.1998
 12   -8858.9989  0.1980

VCNEB Calcualtion Step   92

Image  Energy-(eV)  Dist 
  1   -8858.9990  0.0000
  2   -8858.9796  0.1270
  3   -8858.9302  0.1384
  4   -8858.8428  0.1432
  5   -8858.7360  0.1559
  6   -8858.6804  0.2126
  7   -8858.7037  0.2026
  8   -8858.7688  0.2317
  9   -8858.8577  0.2366
 10   -8858.9333  0.2186
 11   -8858.9780  0.1997
 12   -8858.9989  0.1978

VCNEB Calcualtion Step   93

Image  Energy-(eV)  Dist 
  1   -8858.9990  0.0000
  2   -8858.9797  0.1270
  3   -8858.9303  0.1385
  4   -8858.8430  0.1432
  5   -8858.7361  0.1560
  6   -8858.6804  0.2129
  7   -8858.7039  0.2030
  8   -8858.7690  0.2317
  9   -8858.8580  0.2368
 10   -8858.9335  0.2186
 11   -8858.9780  0.1995
 12   -8858.9989  0.1975

VCNEB Calcualtion Step   94

Image  Energy-(eV)  Dist 
  1   -8858.9990  0.0000
  2   -8858.9797  0.1270
  3   -8858.9305  0.1385
  4   -8858.8431  0.1432
  5   -8858.7363  0.1560
  6   -8858.6804  0.2132
  7   -8858.7041  0.2034
  8   -8858.7693  0.2318
  9   -8858.8582  0.2369
 10   -8858.9337  0.2186
 11   -8858.9781  0.1993
 12   -8858.9989  0.1972

VCNEB Calcualtion Step   95

Image  Energy-(eV)  Dist 
  1   -8858.9990  0.0000
  2   -8858.9797  0.1270
  3   -8858.9306  0.1385
  4   -8858.8433  0.1432
  5   -8858.7363  0.1561
  6   -8858.6804  0.2134
  7   -8858.7042  0.2038
  8   -8858.7694  0.2318
  9   -8858.8585  0.2371
 10   -8858.9338  0.2186
 11   -8858.9781  0.1992
 12   -8858.9989  0.1969

VCNEB Calcualtion Step   96

Image  Energy-(eV)  Dist 
  1   -8858.9990  0.0000
  2   -8858.9797  0.1270
  3   -8858.9307  0.1385
  4   -8858.8435  0.1432
  5   -8858.7364  0.1561
  6   -8858.6805  0.2137
  7   -8858.7043  0.2042
  8   -8858.7696  0.2318
  9   -8858.8587  0.2373
 10   -8858.9340  0.2186
 11   -8858.9782  0.1990
 12   -8858.9989  0.1967

VCNEB Calcualtion Step   97

Image  Energy-(eV)  Dist 
  1   -8858.9990  0.0000
  2   -8858.9798  0.1269
  3   -8858.9308  0.1385
  4   -8858.8437  0.1432
  5   -8858.7365  0.1562
  6   -8858.6804  0.2140
  7   -8858.7045  0.2046
  8   -8858.7698  0.2318
  9   -8858.8590  0.2375
 10   -8858.9341  0.2186
 11   -8858.9782  0.1988
 12   -8858.9989  0.1964

VCNEB Calcualtion Step   98

Image  Energy-(eV)  Dist 
  1   -8858.9990  0.0000
  2   -8858.9798  0.1269
  3   -8858.9309  0.1385
  4   -8858.8438  0.1432
  5   -8858.7366  0.1563
  6   -8858.6804  0.2143
  7   -8858.7046  0.2051
  8   -8858.7700  0.2318
  9   -8858.8592  0.2377
 10   -8858.9343  0.2186
 11   -8858.9783  0.1987
 12   -8858.9989  0.1961

VCNEB Calcualtion Step   99

Image  Energy-(eV)  Dist 
  1   -8858.9990  0.0000
  2   -8858.9798  0.1269
  3   -8858.9310  0.1385
  4   -8858.8440  0.1431
  5   -8858.7367  0.1563
  6   -8858.6804  0.2146
  7   -8858.7048  0.2055
  8   -8858.7702  0.2318
  9   -8858.8594  0.2379
 10   -8858.9345  0.2187
 11   -8858.9783  0.1985
 12   -8858.9989  0.1958

VCNEB Calcualtion Step  100

Image  Energy-(eV)  Dist 
  1   -8858.9990  0.0000
  2   -8858.9798  0.1269
  3   -8858.9311  0.1385
  4   -8858.8442  0.1431
  5   -8858.7369  0.1564
  6   -8858.6804  0.2148
  7   -8858.7049  0.2059
  8   -8858.7704  0.2318
  9   -8858.8597  0.2381
 10   -8858.9346  0.2187
 11   -8858.9784  0.1983
 12   -8858.9989  0.1955

VCNEB Calcualtion Step  101

Image  Energy-(eV)  Dist 
  1   -8858.9990  0.0000
  2   -8858.9799  0.1269
  3   -8858.9312  0.1385
  4   -8858.8443  0.1431
  5   -8858.7369  0.1564
  6   -8858.6804  0.2151
  7   -8858.7050  0.2063
  8   -8858.7706  0.2318
  9   -8858.8599  0.2383
 10   -8858.9348  0.2187
 11   -8858.9784  0.1982
 12   -8858.9989  0.1953

VCNEB Calcualtion Step  102

Image  Energy-(eV)  Dist 
  1   -8858.9990  0.0000
  2   -8858.9799  0.1269
  3   -8858.9313  0.1385
  4   -8858.8445  0.1431
  5   -8858.7370  0.1565
  6   -8858.6805  0.2154
  7   -8858.7053  0.2067
  8   -8858.7709  0.2318
  9   -8858.8602  0.2384
 10   -8858.9349  0.2187
 11   -8858.9785  0.1980
 12   -8858.9989  0.1950

VCNEB Calcualtion Step  103

Image  Energy-(eV)  Dist 
  1   -8858.9990  0.0000
  2   -8858.9799  0.1269
  3   -8858.9315  0.1385
  4   -8858.8447  0.1431
  5   -8858.7371  0.1565
  6   -8858.6804  0.2157
  7   -8858.7053  0.2071
  8   -8858.7710  0.2317
  9   -8858.8604  0.2386
 10   -8858.9351  0.2187
 11   -8858.9785  0.1978
 12   -8858.9989  0.1947

VCNEB Calcualtion Step  104

Image  Energy-(eV)  Dist 
  1   -8858.9990  0.0000
  2   -8858.9799  0.1269
  3   -8858.9316  0.1385
  4   -8858.8448  0.1431
  5   -8858.7372  0.1566
  6   -8858.6804  0.2160
  7   -8858.7055  0.2075
  8   -8858.7712  0.2317
  9   -8858.8606  0.2388
 10   -8858.9352  0.2187
 11   -8858.9786  0.1977
 12   -8858.9989  0.1944

VCNEB Calcualtion Step  105

Image  Energy-(eV)  Dist 
  1   -8858.9990  0.0000
  2   -8858.9799  0.1269
  3   -8858.9316  0.1385
  4   -8858.8450  0.1431
  5   -8858.7372  0.1566
  6   -8858.6804  0.2162
  7   -8858.7056  0.2080
  8   -8858.7714  0.2317
  9   -8858.8608  0.2390
 10   -8858.9354  0.2187
 11   -8858.9786  0.1975
 12   -8858.9989  0.1941

VCNEB Calcualtion Step  106

Image  Energy-(eV)  Dist 
  1   -8858.9990  0.0000
  2   -8858.9799  0.1269
  3   -8858.9317  0.1385
  4   -8858.8452  0.1430
  5   -8858.7374  0.1567
  6   -8858.6805  0.2165
  7   -8858.7059  0.2084
  8   -8858.7716  0.2317
  9   -8858.8611  0.2391
 10   -8858.9355  0.2187
 11   -8858.9787  0.1973
 12   -8858.9989  0.1938

VCNEB Calcualtion Step  107

Image  Energy-(eV)  Dist 
  1   -8858.9990  0.0000
  2   -8858.9800  0.1270
  3   -8858.9318  0.1385
  4   -8858.8453  0.1430
  5   -8858.7374  0.1568
  6   -8858.6804  0.2168
  7   -8858.7059  0.2088
  8   -8858.7718  0.2317
  9   -8858.8613  0.2393
 10   -8858.9357  0.2187
 11   -8858.9787  0.1972
 12   -8858.9989  0.1935

VCNEB Calcualtion Step  108

Image  Energy-(eV)  Dist 
  1   -8858.9990  0.0000
  2   -8858.9800  0.1270
  3   -8858.9319  0.1385
  4   -8858.8456  0.1430
  5   -8858.7375  0.1568
  6   -8858.6803  0.2171
  7   -8858.7061  0.2092
  8   -8858.7720  0.2317
  9   -8858.8615  0.2395
 10   -8858.9358  0.2187
 11   -8858.9788  0.1970
 12   -8858.9989  0.1933

VCNEB Calcualtion Step  109

Image  Energy-(eV)  Dist 
  1   -8858.9990  0.0000
  2   -8858.9800  0.1270
  3   -8858.9320  0.1385
  4   -8858.8457  0.1430
  5   -8858.7376  0.1569
  6   -8858.6803  0.2173
  7   -8858.7062  0.2096
  8   -8858.7722  0.2316
  9   -8858.8617  0.2396
 10   -8858.9360  0.2187
 11   -8858.9788  0.1968
 12   -8858.9989  0.1930

VCNEB Calcualtion Step  110

Image  Energy-(eV)  Dist 
  1   -8858.9990  0.0000
  2   -8858.9800  0.1270
  3   -8858.9321  0.1385
  4   -8858.8458  0.1429
  5   -8858.7377  0.1569
  6   -8858.6803  0.2176
  7   -8858.7063  0.2100
  8   -8858.7724  0.2316
  9   -8858.8619  0.2398
 10   -8858.9361  0.2188
 11   -8858.9789  0.1967
 12   -8858.9989  0.1927

VCNEB Calcualtion Step  111

Image  Energy-(eV)  Dist 
  1   -8858.9990  0.0000
  2   -8858.9800  0.1270
  3   -8858.9322  0.1385
  4   -8858.8460  0.1429
  5   -8858.7378  0.1570
  6   -8858.6804  0.2179
  7   -8858.7066  0.2104
  8   -8858.7727  0.2316
  9   -8858.8622  0.2400
 10   -8858.9363  0.2188
 11   -8858.9789  0.1965
 12   -8858.9989  0.1924

VCNEB Calcualtion Step  112

Image  Energy-(eV)  Dist 
  1   -8858.9990  0.0000
  2   -8858.9800  0.1270
  3   -8858.9322  0.1385
  4   -8858.8462  0.1429
  5   -8858.7380  0.1571
  6   -8858.6803  0.2182
  7   -8858.7066  0.2108
  8   -8858.7728  0.2316
  9   -8858.8624  0.2401
 10   -8858.9364  0.2188
 11   -8858.9790  0.1964
 12   -8858.9989  0.1921

VCNEB Calcualtion Step  113

Image  Energy-(eV)  Dist 
  1   -8858.9990  0.0000
  2   -8858.9800  0.1270
  3   -8858.9323  0.1385
  4   -8858.8463  0.1429
  5   -8858.7380  0.1571
  6   -8858.6803  0.2184
  7   -8858.7068  0.2113
  8   -8858.7730  0.2315
  9   -8858.8626  0.2403
 10   -8858.9366  0.2188
 11   -8858.9790  0.1962
 12   -8858.9989  0.1918

VCNEB Calcualtion Step  114

Image  Energy-(eV)  Dist 
  1   -8858.9990  0.0000
  2   -8858.9800  0.1270
  3   -8858.9324  0.1384
  4   -8858.8465  0.1428
  5   -8858.7380  0.1572
  6   -8858.6803  0.2187
  7   -8858.7070  0.2117
  8   -8858.7732  0.2315
  9   -8858.8628  0.2404
 10   -8858.9367  0.2188
 11   -8858.9791  0.1960
 12   -8858.9989  0.1915

VCNEB Calcualtion Step  115

Image  Energy-(eV)  Dist 
  1   -8858.9990  0.0000
  2   -8858.9800  0.1271
  3   -8858.9325  0.1384
  4   -8858.8467  0.1428
  5   -8858.7381  0.1572
  6   -8858.6803  0.2190
  7   -8858.7071  0.2121
  8   -8858.7734  0.2315
  9   -8858.8630  0.2406
 10   -8858.9368  0.2188
 11   -8858.9791  0.1959
 12   -8858.9989  0.1912

VCNEB Calcualtion Step  116

Image  Energy-(eV)  Dist 
  1   -8858.9990  0.0000
  2   -8858.9800  0.1271
  3   -8858.9326  0.1384
  4   -8858.8468  0.1428
  5   -8858.7382  0.1573
  6   -8858.6803  0.2193
  7   -8858.7072  0.2125
  8   -8858.7736  0.2314
  9   -8858.8632  0.2407
 10   -8858.9370  0.2188
 11   -8858.9792  0.1957
 12   -8858.9989  0.1909

VCNEB Calcualtion Step  117

Image  Energy-(eV)  Dist 
  1   -8858.9990  0.0000
  2   -8858.9800  0.1271
  3   -8858.9326  0.1384
  4   -8858.8470  0.1427
  5   -8858.7383  0.1574
  6   -8858.6803  0.2195
  7   -8858.7074  0.2129
  8   -8858.7738  0.2314
  9   -8858.8634  0.2408
 10   -8858.9371  0.2188
 11   -8858.9792  0.1956
 12   -8858.9989  0.1907

VCNEB Calcualtion Step  118

Image  Energy-(eV)  Dist 
  1   -8858.9990  0.0000
  2   -8858.9800  0.1271
  3   -8858.9327  0.1384
  4   -8858.8471  0.1427
  5   -8858.7385  0.1574
  6   -8858.6803  0.2198
  7   -8858.7075  0.2133
  8   -8858.7740  0.2314
  9   -8858.8636  0.2410
 10   -8858.9373  0.2188
 11   -8858.9793  0.1954
 12   -8858.9989  0.1904

VCNEB Calcualtion Step  119

Image  Energy-(eV)  Dist 
  1   -8858.9990  0.0000
  2   -8858.9800  0.1271
  3   -8858.9328  0.1384
  4   -8858.8472  0.1427
  5   -8858.7385  0.1575
  6   -8858.6804  0.2201
  7   -8858.7077  0.2137
  8   -8858.7742  0.2313
  9   -8858.8638  0.2411
 10   -8858.9374  0.2188
 11   -8858.9793  0.1952
 12   -8858.9989  0.1901

VCNEB Calcualtion Step  120

Image  Energy-(eV)  Dist 
  1   -8858.9990  0.0000
  2   -8858.9800  0.1272
  3   -8858.9329  0.1383
  4   -8858.8474  0.1426
  5   -8858.7386  0.1576
  6   -8858.6803  0.2203
  7   -8858.7078  0.2141
  8   -8858.7744  0.2313
  9   -8858.8640  0.2413
 10   -8858.9375  0.2188
 11   -8858.9794  0.1951
 12   -8858.9989  0.1898

VCNEB Calcualtion Step  121

Image  Energy-(eV)  Dist 
  1   -8858.9990  0.0000
  2   -8858.9800  0.1272
  3   -8858.9329  0.1383
  4   -8858.8476  0.1426
  5   -8858.7387  0.1576
  6   -8858.6803  0.2206
  7   -8858.7079  0.2145
  8   -8858.7746  0.2313
  9   -8858.8642  0.2414
 10   -8858.9377  0.2188
 11   -8858.9794  0.1949
 12   -8858.9989  0.1895

VCNEB Calcualtion Step  122

Image  Energy-(eV)  Dist 
  1   -8858.9990  0.0000
  2   -8858.9800  0.1272
  3   -8858.9330  0.1383
  4   -8858.8477  0.1426
  5   -8858.7387  0.1577
  6   -8858.6803  0.2209
  7   -8858.7081  0.2149
  8   -8858.7747  0.2312
  9   -8858.8644  0.2415
 10   -8858.9378  0.2188
 11   -8858.9795  0.1948
 12   -8858.9989  0.1892

VCNEB Calcualtion Step  123

Image  Energy-(eV)  Dist 
  1   -8858.9990  0.0000
  2   -8858.9800  0.1272
  3   -8858.9331  0.1383
  4   -8858.8479  0.1425
  5   -8858.7388  0.1577
  6   -8858.6803  0.2212
  7   -8858.7082  0.2153
  8   -8858.7749  0.2312
  9   -8858.8647  0.2417
 10   -8858.9379  0.2188
 11   -8858.9795  0.1946
 12   -8858.9989  0.1889

VCNEB Calcualtion Step  124

Image  Energy-(eV)  Dist 
  1   -8858.9990  0.0000
  2   -8858.9800  0.1273
  3   -8858.9331  0.1382
  4   -8858.8480  0.1425
  5   -8858.7389  0.1578
  6   -8858.6804  0.2214
  7   -8858.7084  0.2157
  8   -8858.7751  0.2312
  9   -8858.8649  0.2418
 10   -8858.9381  0.2188
 11   -8858.9795  0.1944
 12   -8858.9989  0.1886

VCNEB Calcualtion Step  125

Image  Energy-(eV)  Dist 
  1   -8858.9990  0.0000
  2   -8858.9800  0.1273
  3   -8858.9332  0.1382
  4   -8858.8482  0.1425
  5   -8858.7391  0.1579
  6   -8858.6803  0.2217
  7   -8858.7085  0.2161
  8   -8858.7753  0.2311
  9   -8858.8650  0.2419
 10   -8858.9382  0.2188
 11   -8858.9796  0.1943
 12   -8858.9989  0.1883

VCNEB Calcualtion Step  126

Image  Energy-(eV)  Dist 
  1   -8858.9990  0.0000
  2   -8858.9800  0.1273
  3   -8858.9333  0.1382
  4   -8858.8483  0.1424
  5   -8858.7391  0.1579
  6   -8858.6803  0.2220
  7   -8858.7087  0.2165
  8   -8858.7755  0.2311
  9   -8858.8652  0.2420
 10   -8858.9383  0.2188
 11   -8858.9796  0.1941
 12   -8858.9989  0.1880

VCNEB Calcualtion Step  127

Image  Energy-(eV)  Dist 
  1   -8858.9990  0.0000
  2   -8858.9800  0.1273
  3   -8858.9333  0.1381
  4   -8858.8485  0.1424
  5   -8858.7392  0.1580
  6   -8858.6803  0.2223
  7   -8858.7088  0.2169
  8   -8858.7757  0.2311
  9   -8858.8654  0.2421
 10   -8858.9385  0.2188
 11   -8858.9797  0.1940
 12   -8858.9989  0.1877

VCNEB Calcualtion Step  128

Image  Energy-(eV)  Dist 
  1   -8858.9990  0.0000
  2   -8858.9800  0.1274
  3   -8858.9334  0.1381
  4   -8858.8486  0.1424
  5   -8858.7393  0.1581
  6   -8858.6803  0.2225
  7   -8858.7089  0.2174
  8   -8858.7759  0.2310
  9   -8858.8656  0.2422
 10   -8858.9386  0.2188
 11   -8858.9797  0.1938
 12   -8858.9989  0.1874

VCNEB Calcualtion Step  129

Image  Energy-(eV)  Dist 
  1   -8858.9990  0.0000
  2   -8858.9800  0.1274
  3   -8858.9335  0.1381
  4   -8858.8488  0.1423
  5   -8858.7393  0.1581
  6   -8858.6804  0.2228
  7   -8858.7091  0.2177
  8   -8858.7760  0.2310
  9   -8858.8658  0.2424
 10   -8858.9387  0.2188
 11   -8858.9798  0.1937
 12   -8858.9989  0.1872

VCNEB Calcualtion Step  130

Image  Energy-(eV)  Dist 
  1   -8858.9990  0.0000
  2   -8858.9800  0.1274
  3   -8858.9336  0.1380
  4   -8858.8489  0.1423
  5   -8858.7394  0.1582
  6   -8858.6803  0.2231
  7   -8858.7092  0.2181
  8   -8858.7762  0.2310
  9   -8858.8660  0.2425
 10   -8858.9389  0.2188
 11   -8858.9798  0.1935
 12   -8858.9989  0.1869

VCNEB Calcualtion Step  131

Image  Energy-(eV)  Dist 
  1   -8858.9990  0.0000
  2   -8858.9800  0.1275
  3   -8858.9336  0.1380
  4   -8858.8491  0.1423
  5   -8858.7395  0.1582
  6   -8858.6803  0.2234
  7   -8858.7094  0.2185
  8   -8858.7764  0.2310
  9   -8858.8662  0.2426
 10   -8858.9390  0.2188
 11   -8858.9798  0.1934
 12   -8858.9989  0.1866

VCNEB Calcualtion Step  132

Image  Energy-(eV)  Dist 
  1   -8858.9990  0.0000
  2   -8858.9800  0.1275
  3   -8858.9337  0.1380
  4   -8858.8492  0.1422
  5   -8858.7397  0.1583
  6   -8858.6803  0.2236
  7   -8858.7095  0.2189
  8   -8858.7766  0.2309
  9   -8858.8664  0.2427
 10   -8858.9391  0.2188
 11   -8858.9799  0.1932
 12   -8858.9989  0.1863

VCNEB Calcualtion Step  133

Image  Energy-(eV)  Dist 
  1   -8858.9990  0.0000
  2   -8858.9800  0.1275
  3   -8858.9338  0.1379
  4   -8858.8494  0.1422
  5   -8858.7397  0.1584
  6   -8858.6803  0.2239
  7   -8858.7096  0.2193
  8   -8858.7768  0.2309
  9   -8858.8666  0.2428
 10   -8858.9392  0.2188
 11   -8858.9799  0.1931
 12   -8858.9989  0.1860

VCNEB Calcualtion Step  134

Image  Energy-(eV)  Dist 
  1   -8858.9990  0.0000
  2   -8858.9800  0.1276
  3   -8858.9338  0.1379
  4   -8858.8495  0.1422
  5   -8858.7397  0.1584
  6   -8858.6804  0.2242
  7   -8858.7099  0.2197
  8   -8858.7770  0.2309
  9   -8858.8668  0.2429
 10   -8858.9394  0.2188
 11   -8858.9800  0.1929
 12   -8858.9989  0.1857

VCNEB Calcualtion Step  135

Image  Energy-(eV)  Dist 
  1   -8858.9990  0.0000
  2   -8858.9800  0.1276
  3   -8858.9339  0.1378
  4   -8858.8496  0.1421
  5   -8858.7398  0.1585
  6   -8858.6803  0.2245
  7   -8858.7099  0.2201
  8   -8858.7772  0.2309
  9   -8858.8670  0.2430
 10   -8858.9395  0.2188
 11   -8858.9800  0.1927
 12   -8858.9989  0.1854

VCNEB Calcualtion Step  136

Image  Energy-(eV)  Dist 
  1   -8858.9990  0.0000
  2   -8858.9800  0.1276
  3   -8858.9340  0.1378
  4   -8858.8498  0.1421
  5   -8858.7399  0.1586
  6   -8858.6803  0.2247
  7   -8858.7100  0.2205
  8   -8858.7773  0.2308
  9   -8858.8672  0.2431
 10   -8858.9396  0.2188
 11   -8858.9801  0.1926
 12   -8858.9989  0.1851

VCNEB Calcualtion Step  137

Image  Energy-(eV)  Dist 
  1   -8858.9990  0.0000
  2   -8858.9800  0.1277
  3   -8858.9340  0.1378
  4   -8858.8499  0.1420
  5   -8858.7400  0.1586
  6   -8858.6803  0.2250
  7   -8858.7102  0.2208
  8   -8858.7775  0.2308
  9   -8858.8674  0.2432
 10   -8858.9398  0.2188
 11   -8858.9801  0.1924
 12   -8858.9989  0.1848

VCNEB Calcualtion Step  138

Image  Energy-(eV)  Dist 
  1   -8858.9990  0.0000
  2   -8858.9800  0.1277
  3   -8858.9341  0.1377
  4   -8858.8501  0.1420
  5   -8858.7401  0.1587
  6   -8858.6803  0.2253
  7   -8858.7103  0.2212
  8   -8858.7777  0.2308
  9   -8858.8675  0.2433
 10   -8858.9399  0.2188
 11   -8858.9802  0.1923
 12   -8858.9989  0.1846

VCNEB Calcualtion Step  139

Image  Energy-(eV)  Dist 
  1   -8858.9990  0.0000
  2   -8858.9800  0.1278
  3   -8858.9342  0.1377
  4   -8858.8502  0.1420
  5   -8858.7402  0.1587
  6   -8858.6804  0.2255
  7   -8858.7105  0.2216
  8   -8858.7779  0.2308
  9   -8858.8677  0.2434
 10   -8858.9400  0.2188
 11   -8858.9802  0.1921
 12   -8858.9989  0.1843

VCNEB Calcualtion Step  140

Image  Energy-(eV)  Dist 
  1   -8858.9990  0.0000
  2   -8858.9800  0.1278
  3   -8858.9342  0.1376
  4   -8858.8504  0.1419
  5   -8858.7402  0.1588
  6   -8858.6802  0.2258
  7   -8858.7106  0.2219
  8   -8858.7781  0.2308
  9   -8858.8679  0.2434
 10   -8858.9401  0.2188
 11   -8858.9802  0.1920
 12   -8858.9989  0.1840

VCNEB Calcualtion Step  141

Image  Energy-(eV)  Dist 
  1   -8858.9990  0.0000
  2   -8858.9800  0.1278
  3   -8858.9343  0.1376
  4   -8858.8505  0.1419
  5   -8858.7403  0.1589
  6   -8858.6802  0.2261
  7   -8858.7107  0.2223
  8   -8858.7783  0.2307
  9   -8858.8681  0.2435
 10   -8858.9403  0.2188
 11   -8858.9803  0.1918
 12   -8858.9989  0.1837

VCNEB Calcualtion Step  142

Image  Energy-(eV)  Dist 
  1   -8858.9990  0.0000
  2   -8858.9800  0.1279
  3   -8858.9344  0.1375
  4   -8858.8507  0.1418
  5   -8858.7404  0.1589
  6   -8858.6802  0.2263
  7   -8858.7109  0.2227
  8   -8858.7784  0.2307
  9   -8858.8683  0.2436
 10   -8858.9404  0.2188
 11   -8858.9803  0.1917
 12   -8858.9989  0.1834

VCNEB Calcualtion Step  143

Image  Energy-(eV)  Dist 
  1   -8858.9990  0.0000
  2   -8858.9800  0.1279
  3   -8858.9344  0.1375
  4   -8858.8508  0.1418
  5   -8858.7405  0.1590
  6   -8858.6802  0.2266
  7   -8858.7110  0.2231
  8   -8858.7786  0.2307
  9   -8858.8685  0.2437
 10   -8858.9405  0.2188
 11   -8858.9804  0.1915
 12   -8858.9989  0.1831

VCNEB Calcualtion Step  144

Image  Energy-(eV)  Dist 
  1   -8858.9990  0.0000
  2   -8858.9800  0.1280
  3   -8858.9345  0.1374
  4   -8858.8509  0.1418
  5   -8858.7405  0.1591
  6   -8858.6803  0.2269
  7   -8858.7111  0.2235
  8   -8858.7788  0.2307
  9   -8858.8686  0.2438
 10   -8858.9406  0.2188
 11   -8858.9804  0.1914
 12   -8858.9989  0.1828

VCNEB Calcualtion Step  145

Image  Energy-(eV)  Dist 
  1   -8858.9990  0.0000
  2   -8858.9799  0.1280
  3   -8858.9346  0.1374
  4   -8858.8511  0.1417
  5   -8858.7406  0.1591
  6   -8858.6802  0.2272
  7   -8858.7114  0.2238
  8   -8858.7790  0.2307
  9   -8858.8688  0.2439
 10   -8858.9408  0.2188
 11   -8858.9805  0.1912
 12   -8858.9989  0.1825

VCNEB Calcualtion Step  146

Image  Energy-(eV)  Dist 
  1   -8858.9990  0.0000
  2   -8858.9799  0.1281
  3   -8858.9346  0.1373
  4   -8858.8512  0.1417
  5   -8858.7407  0.1592
  6   -8858.6802  0.2274
  7   -8858.7114  0.2242
  8   -8858.7792  0.2306
  9   -8858.8690  0.2440
 10   -8858.9409  0.2188
 11   -8858.9805  0.1911
 12   -8858.9989  0.1823

VCNEB Calcualtion Step  147

Image  Energy-(eV)  Dist 
  1   -8858.9990  0.0000
  2   -8858.9799  0.1281
  3   -8858.9347  0.1373
  4   -8858.8514  0.1417
  5   -8858.7409  0.1593
  6   -8858.6802  0.2277
  7   -8858.7115  0.2246
  8   -8858.7794  0.2306
  9   -8858.8692  0.2440
 10   -8858.9410  0.2187
 11   -8858.9805  0.1909
 12   -8858.9989  0.1820

VCNEB Calcualtion Step  148

Image  Energy-(eV)  Dist 
  1   -8858.9990  0.0000
  2   -8858.9799  0.1282
  3   -8858.9348  0.1372
  4   -8858.8515  0.1416
  5   -8858.7409  0.1593
  6   -8858.6802  0.2280
  7   -8858.7117  0.2250
  8   -8858.7795  0.2306
  9   -8858.8693  0.2441
 10   -8858.9411  0.2187
 11   -8858.9806  0.1908
 12   -8858.9989  0.1817

VCNEB Calcualtion Step  149

Image  Energy-(eV)  Dist 
  1   -8858.9990  0.0000
  2   -8858.9799  0.1282
  3   -8858.9348  0.1371
  4   -8858.8516  0.1416
  5   -8858.7409  0.1594
  6   -8858.6803  0.2283
  7   -8858.7118  0.2253
  8   -8858.7797  0.2306
  9   -8858.8695  0.2442
 10   -8858.9413  0.2187
 11   -8858.9806  0.1906
 12   -8858.9989  0.1814

VCNEB Calcualtion Step  150

Image  Energy-(eV)  Dist 
  1   -8858.9990  0.0000
  2   -8858.9799  0.1282
  3   -8858.9349  0.1371
  4   -8858.8518  0.1415
  5   -8858.7410  0.1595
  6   -8858.6802  0.2285
  7   -8858.7119  0.2257
  8   -8858.7799  0.2306
  9   -8858.8697  0.2443
 10   -8858.9414  0.2187
 11   -8858.9807  0.1905
 12   -8858.9989  0.1811

VCNEB Calcualtion Step  151

Image  Energy-(eV)  Dist 
  1   -8858.9990  0.0000
  2   -8858.9799  0.1283
  3   -8858.9350  0.1370
  4   -8858.8519  0.1415
  5   -8858.7411  0.1595
  6   -8858.6802  0.2288
  7   -8858.7121  0.2261
  8   -8858.7801  0.2306
  9   -8858.8699  0.2443
 10   -8858.9415  0.2187
 11   -8858.9807  0.1903
 12   -8858.9989  0.1808

VCNEB Calcualtion Step  152

Image  Energy-(eV)  Dist 
  1   -8858.9990  0.0000
  2   -8858.9799  0.1283
  3   -8858.9350  0.1370
  4   -8858.8521  0.1415
  5   -8858.7413  0.1596
  6   -8858.6802  0.2291
  7   -8858.7122  0.2264
  8   -8858.7803  0.2305
  9   -8858.8700  0.2444
 10   -8858.9416  0.2187
 11   -8858.9808  0.1902
 12   -8858.9989  0.1805

VCNEB Calcualtion Step  153

Image  Energy-(eV)  Dist 
  1   -8858.9990  0.0000
  2   -8858.9799  0.1284
  3   -8858.9351  0.1369
  4   -8858.8522  0.1414
  5   -8858.7412  0.1596
  6   -8858.6802  0.2293
  7   -8858.7125  0.2268
  8   -8858.7804  0.2305
  9   -8858.8702  0.2445
 10   -8858.9418  0.2186
 11   -8858.9808  0.1900
 12   -8858.9989  0.1803

VCNEB Calcualtion Step  154

Image  Energy-(eV)  Dist 
  1   -8858.9990  0.0000
  2   -8858.9799  0.1284
  3   -8858.9352  0.1369
  4   -8858.8523  0.1414
  5   -8858.7413  0.1597
  6   -8858.6803  0.2296
  7   -8858.7125  0.2272
  8   -8858.7806  0.2305
  9   -8858.8704  0.2445
 10   -8858.9419  0.2186
 11   -8858.9808  0.1899
 12   -8858.9989  0.1800

VCNEB Calcualtion Step  155

Image  Energy-(eV)  Dist 
  1   -8858.9990  0.0000
  2   -8858.9799  0.1285
  3   -8858.9352  0.1368
  4   -8858.8525  0.1414
  5   -8858.7414  0.1598
  6   -8858.6802  0.2299
  7   -8858.7126  0.2275
  8   -8858.7808  0.2305
  9   -8858.8705  0.2446
 10   -8858.9420  0.2186
 11   -8858.9809  0.1897
 12   -8858.9989  0.1797

VCNEB Calcualtion Step  156

Image  Energy-(eV)  Dist 
  1   -8858.9990  0.0000
  2   -8858.9799  0.1285
  3   -8858.9353  0.1367
  4   -8858.8526  0.1413
  5   -8858.7415  0.1598
  6   -8858.6802  0.2302
  7   -8858.7128  0.2279
  8   -8858.7810  0.2305
  9   -8858.8707  0.2447
 10   -8858.9421  0.2186
 11   -8858.9809  0.1896
 12   -8858.9989  0.1794

VCNEB Calcualtion Step  157

Image  Energy-(eV)  Dist 
  1   -8858.9990  0.0000
  2   -8858.9799  0.1286
  3   -8858.9354  0.1367
  4   -8858.8527  0.1413
  5   -8858.7416  0.1599
  6   -8858.6802  0.2304
  7   -8858.7129  0.2282
  8   -8858.7812  0.2304
  9   -8858.8709  0.2447
 10   -8858.9422  0.2186
 11   -8858.9810  0.1894
 12   -8858.9989  0.1791

VCNEB Calcualtion Step  158

Image  Energy-(eV)  Dist 
  1   -8858.9990  0.0000
  2   -8858.9799  0.1286
  3   -8858.9354  0.1366
  4   -8858.8529  0.1413
  5   -8858.7416  0.1600
  6   -8858.6802  0.2307
  7   -8858.7130  0.2286
  8   -8858.7814  0.2304
  9   -8858.8711  0.2448
 10   -8858.9423  0.2186
 11   -8858.9810  0.1893
 12   -8858.9989  0.1789

VCNEB Calcualtion Step  159

Image  Energy-(eV)  Dist 
  1   -8858.9990  0.0000
  2   -8858.9799  0.1287
  3   -8858.9355  0.1365
  4   -8858.8530  0.1412
  5   -8858.7417  0.1600
  6   -8858.6803  0.2310
  7   -8858.7132  0.2289
  8   -8858.7815  0.2304
  9   -8858.8712  0.2449
 10   -8858.9425  0.2185
 11   -8858.9810  0.1891
 12   -8858.9989  0.1786

VCNEB Calcualtion Step  160

Image  Energy-(eV)  Dist 
  1   -8858.9990  0.0000
  2   -8858.9799  0.1287
  3   -8858.9356  0.1365
  4   -8858.8532  0.1412
  5   -8858.7418  0.1601
  6   -8858.6802  0.2312
  7   -8858.7133  0.2293
  8   -8858.7817  0.2304
  9   -8858.8714  0.2449
 10   -8858.9426  0.2185
 11   -8858.9811  0.1890
 12   -8858.9989  0.1783

VCNEB Calcualtion Step  161

Image  Energy-(eV)  Dist 
  1   -8858.9990  0.0000
  2   -8858.9799  0.1288
  3   -8858.9357  0.1364
  4   -8858.8533  0.1411
  5   -8858.7418  0.1602
  6   -8858.6802  0.2315
  7   -8858.7134  0.2296
  8   -8858.7819  0.2304
  9   -8858.8716  0.2450
 10   -8858.9427  0.2185
 11   -8858.9811  0.1888
 12   -8858.9989  0.1780

VCNEB Calcualtion Step  162

Image  Energy-(eV)  Dist 
  1   -8858.9990  0.0000
  2   -8858.9799  0.1288
  3   -8858.9357  0.1363
  4   -8858.8534  0.1411
  5   -8858.7419  0.1602
  6   -8858.6801  0.2318
  7   -8858.7135  0.2300
  8   -8858.7821  0.2304
  9   -8858.8717  0.2450
 10   -8858.9428  0.2185
 11   -8858.9812  0.1887
 12   -8858.9989  0.1777

VCNEB Calcualtion Step  163

Image  Energy-(eV)  Dist 
  1   -8858.9990  0.0000
  2   -8858.9799  0.1289
  3   -8858.9358  0.1363
  4   -8858.8536  0.1411
  5   -8858.7420  0.1603
  6   -8858.6801  0.2320
  7   -8858.7137  0.2303
  8   -8858.7823  0.2304
  9   -8858.8719  0.2451
 10   -8858.9429  0.2185
 11   -8858.9812  0.1885
 12   -8858.9989  0.1775

VCNEB Calcualtion Step  164

Image  Energy-(eV)  Dist 
  1   -8858.9990  0.0000
  2   -8858.9799  0.1289
  3   -8858.9359  0.1362
  4   -8858.8537  0.1410
  5   -8858.7420  0.1604
  6   -8858.6802  0.2323
  7   -8858.7138  0.2306
  8   -8858.7824  0.2304
  9   -8858.8721  0.2451
 10   -8858.9431  0.2185
 11   -8858.9813  0.1884
 12   -8858.9989  0.1772

VCNEB Calcualtion Step  165

Image  Energy-(eV)  Dist 
  1   -8858.9990  0.0000
  2   -8858.9799  0.1290
  3   -8858.9359  0.1361
  4   -8858.8538  0.1410
  5   -8858.7421  0.1604
  6   -8858.6801  0.2326
  7   -8858.7139  0.2310
  8   -8858.7826  0.2304
  9   -8858.8722  0.2452
 10   -8858.9432  0.2184
 11   -8858.9813  0.1882
 12   -8858.9989  0.1769

VCNEB Calcualtion Step  166

Image  Energy-(eV)  Dist 
  1   -8858.9990  0.0000
  2   -8858.9799  0.1290
  3   -8858.9360  0.1361
  4   -8858.8540  0.1410
  5   -8858.7422  0.1605
  6   -8858.6801  0.2328
  7   -8858.7141  0.2313
  8   -8858.7828  0.2304
  9   -8858.8724  0.2452
 10   -8858.9433  0.2184
 11   -8858.9813  0.1881
 12   -8858.9989  0.1766

VCNEB Calcualtion Step  167

Image  Energy-(eV)  Dist 
  1   -8858.9990  0.0000
  2   -8858.9799  0.1291
  3   -8858.9361  0.1360
  4   -8858.8541  0.1409
  5   -8858.7423  0.1606
  6   -8858.6801  0.2331
  7   -8858.7142  0.2316
  8   -8858.7830  0.2304
  9   -8858.8726  0.2453
 10   -8858.9434  0.2184
 11   -8858.9814  0.1879
 12   -8858.9989  0.1763

VCNEB Calcualtion Step  168

Image  Energy-(eV)  Dist 
  1   -8858.9990  0.0000
  2   -8858.9799  0.1291
  3   -8858.9361  0.1359
  4   -8858.8542  0.1409
  5   -8858.7423  0.1606
  6   -8858.6801  0.2333
  7   -8858.7143  0.2319
  8   -8858.7832  0.2304
  9   -8858.8727  0.2453
 10   -8858.9435  0.2184
 11   -8858.9814  0.1878
 12   -8858.9989  0.1761

VCNEB Calcualtion Step  169

Image  Energy-(eV)  Dist 
  1   -8858.9990  0.0000
  2   -8858.9799  0.1292
  3   -8858.9362  0.1359
  4   -8858.8544  0.1409
  5   -8858.7424  0.1607
  6   -8858.6802  0.2336
  7   -8858.7145  0.2322
  8   -8858.7833  0.2304
  9   -8858.8729  0.2454
 10   -8858.9436  0.2184
 11   -8858.9815  0.1876
 12   -8858.9989  0.1758

VCNEB Calcualtion Step  170

Image  Energy-(eV)  Dist 
  1   -8858.9990  0.0000
  2   -8858.9799  0.1292
  3   -8858.9363  0.1358
  4   -8858.8545  0.1408
  5   -8858.7425  0.1608
  6   -8858.6801  0.2339
  7   -8858.7146  0.2326
  8   -8858.7835  0.2304
  9   -8858.8731  0.2454
 10   -8858.9437  0.2183
 11   -8858.9815  0.1875
 12   -8858.9989  0.1755

VCNEB Calcualtion Step  171

Image  Energy-(eV)  Dist 
  1   -8858.9990  0.0000
  2   -8858.9799  0.1293
  3   -8858.9363  0.1357
  4   -8858.8547  0.1408
  5   -8858.7425  0.1608
  6   -8858.6801  0.2341
  7   -8858.7147  0.2329
  8   -8858.7837  0.2304
  9   -8858.8732  0.2454
 10   -8858.9439  0.2183
 11   -8858.9815  0.1873
 12   -8858.9989  0.1752

VCNEB Calcualtion Step  172

Image  Energy-(eV)  Dist 
  1   -8858.9990  0.0000
  2   -8858.9799  0.1293
  3   -8858.9364  0.1357
  4   -8858.8548  0.1408
  5   -8858.7426  0.1609
  6   -8858.6801  0.2344
  7   -8858.7148  0.2332
  8   -8858.7839  0.2304
  9   -8858.8734  0.2455
 10   -8858.9440  0.2183
 11   -8858.9816  0.1872
 12   -8858.9989  0.1750

VCNEB Calcualtion Step  173

Image  Energy-(eV)  Dist 
  1   -8858.9990  0.0000
  2   -8858.9799  0.1294
  3   -8858.9365  0.1356
  4   -8858.8549  0.1407
  5   -8858.7427  0.1610
  6   -8858.6801  0.2347
  7   -8858.7150  0.2335
  8   -8858.7841  0.2304
  9   -8858.8736  0.2455
 10   -8858.9441  0.2183
 11   -8858.9816  0.1870
 12   -8858.9989  0.1747

VCNEB Calcualtion Step  174

Image  Energy-(eV)  Dist 
  1   -8858.9990  0.0000
  2   -8858.9799  0.1294
  3   -8858.9365  0.1355
  4   -8858.8550  0.1407
  5   -8858.7427  0.1610
  6   -8858.6801  0.2349
  7   -8858.7151  0.2338
  8   -8858.7842  0.2304
  9   -8858.8737  0.2456
 10   -8858.9442  0.2182
 11   -8858.9817  0.1869
 12   -8858.9989  0.1744

VCNEB Calcualtion Step  175

Image  Energy-(eV)  Dist 
  1   -8858.9990  0.0000
  2   -8858.9799  0.1295
  3   -8858.9366  0.1355
  4   -8858.8552  0.1407
  5   -8858.7428  0.1611
  6   -8858.6802  0.2352
  7   -8858.7152  0.2341
  8   -8858.7844  0.2304
  9   -8858.8739  0.2456
 10   -8858.9443  0.2182
 11   -8858.9817  0.1868
 12   -8858.9989  0.1742

VCNEB Calcualtion Step  176

Image  Energy-(eV)  Dist 
  1   -8858.9990  0.0000
  2   -8858.9799  0.1295
  3   -8858.9367  0.1354
  4   -8858.8553  0.1406
  5   -8858.7429  0.1612
  6   -8858.6801  0.2355
  7   -8858.7153  0.2345
  8   -8858.7846  0.2305
  9   -8858.8740  0.2456
 10   -8858.9444  0.2182
 11   -8858.9817  0.1866
 12   -8858.9989  0.1739

VCNEB Calcualtion Step  177

Image  Energy-(eV)  Dist 
  1   -8858.9990  0.0000
  2   -8858.9799  0.1296
  3   -8858.9368  0.1353
  4   -8858.8554  0.1406
  5   -8858.7429  0.1612
  6   -8858.6801  0.2357
  7   -8858.7155  0.2348
  8   -8858.7848  0.2305
  9   -8858.8742  0.2457
 10   -8858.9445  0.2182
 11   -8858.9818  0.1865
 12   -8858.9989  0.1736

VCNEB Calcualtion Step  178

Image  Energy-(eV)  Dist 
  1   -8858.9990  0.0000
  2   -8858.9799  0.1296
  3   -8858.9368  0.1353
  4   -8858.8556  0.1406
  5   -8858.7430  0.1613
  6   -8858.6801  0.2360
  7   -8858.7156  0.2351
  8   -8858.7850  0.2305
  9   -8858.8744  0.2457
 10   -8858.9447  0.2181
 11   -8858.9818  0.1863
 12   -8858.9989  0.1733

VCNEB Calcualtion Step  179

Image  Energy-(eV)  Dist 
  1   -8858.9990  0.0000
  2   -8858.9799  0.1296
  3   -8858.9369  0.1352
  4   -8858.8557  0.1406
  5   -8858.7431  0.1614
  6   -8858.6802  0.2362
  7   -8858.7157  0.2354
  8   -8858.7851  0.2305
  9   -8858.8745  0.2457
 10   -8858.9448  0.2181
 11   -8858.9819  0.1862
 12   -8858.9989  0.1731

VCNEB Calcualtion Step  180

Image  Energy-(eV)  Dist 
  1   -8858.9990  0.0000
  2   -8858.9799  0.1297
  3   -8858.9370  0.1351
  4   -8858.8558  0.1405
  5   -8858.7431  0.1614
  6   -8858.6801  0.2365
  7   -8858.7158  0.2357
  8   -8858.7853  0.2306
  9   -8858.8747  0.2458
 10   -8858.9449  0.2181
 11   -8858.9819  0.1860
 12   -8858.9989  0.1728

VCNEB Calcualtion Step  181

Image  Energy-(eV)  Dist 
  1   -8858.9990  0.0000
  2   -8858.9799  0.1297
  3   -8858.9371  0.1350
  4   -8858.8560  0.1405
  5   -8858.7432  0.1615
  6   -8858.6800  0.2368
  7   -8858.7160  0.2360
  8   -8858.7855  0.2306
  9   -8858.8749  0.2458
 10   -8858.9450  0.2181
 11   -8858.9819  0.1859
 12   -8858.9989  0.1725

VCNEB Calcualtion Step  182

Image  Energy-(eV)  Dist 
  1   -8858.9990  0.0000
  2   -8858.9799  0.1298
  3   -8858.9371  0.1350
  4   -8858.8561  0.1405
  5   -8858.7433  0.1616
  6   -8858.6800  0.2370
  7   -8858.7161  0.2363
  8   -8858.7857  0.2306
  9   -8858.8750  0.2458
 10   -8858.9451  0.2180
 11   -8858.9820  0.1857
 12   -8858.9989  0.1723

VCNEB Calcualtion Step  183

Image  Energy-(eV)  Dist 
  1   -8858.9990  0.0000
  2   -8858.9799  0.1298
  3   -8858.9372  0.1349
  4   -8858.8562  0.1404
  5   -8858.7433  0.1616
  6   -8858.6801  0.2373
  7   -8858.7162  0.2366
  8   -8858.7859  0.2306
  9   -8858.8752  0.2458
 10   -8858.9452  0.2180
 11   -8858.9820  0.1856
 12   -8858.9989  0.1720

VCNEB Calcualtion Step  184

Image  Energy-(eV)  Dist 
  1   -8858.9990  0.0000
  2   -8858.9799  0.1299
  3   -8858.9373  0.1348
  4   -8858.8563  0.1404
  5   -8858.7434  0.1617
  6   -8858.6800  0.2375
  7   -8858.7163  0.2369
  8   -8858.7860  0.2307
  9   -8858.8753  0.2459
 10   -8858.9453  0.2180
 11   -8858.9820  0.1854
 12   -8858.9989  0.1717

VCNEB Calcualtion Step  185

Image  Energy-(eV)  Dist 
  1   -8858.9990  0.0000
  2   -8858.9799  0.1299
  3   -8858.9373  0.1348
  4   -8858.8565  0.1404
  5   -8858.7435  0.1618
  6   -8858.6800  0.2378
  7   -8858.7165  0.2372
  8   -8858.7862  0.2307
  9   -8858.8755  0.2459
 10   -8858.9454  0.2180
 11   -8858.9821  0.1853
 12   -8858.9989  0.1715

VCNEB Calcualtion Step  186

Image  Energy-(eV)  Dist 
  1   -8858.9990  0.0000
  2   -8858.9799  0.1300
  3   -8858.9374  0.1347
  4   -8858.8566  0.1403
  5   -8858.7435  0.1618
  6   -8858.6800  0.2381
  7   -8858.7166  0.2374
  8   -8858.7864  0.2307
  9   -8858.8757  0.2459
 10   -8858.9455  0.2179
 11   -8858.9821  0.1851
 12   -8858.9989  0.1712

VCNEB Calcualtion Step  187

Image  Energy-(eV)  Dist 
  1   -8858.9990  0.0000
  2   -8858.9799  0.1300
  3   -8858.9375  0.1346
  4   -8858.8567  0.1403
  5   -8858.7436  0.1619
  6   -8858.6801  0.2383
  7   -8858.7167  0.2377
  8   -8858.7866  0.2308
  9   -8858.8758  0.2459
 10   -8858.9456  0.2179
 11   -8858.9822  0.1850
 12   -8858.9989  0.1710

VCNEB Calcualtion Step  188

Image  Energy-(eV)  Dist 
  1   -8858.9990  0.0000
  2   -8858.9799  0.1301
  3   -8858.9376  0.1345
  4   -8858.8568  0.1403
  5   -8858.7436  0.1620
  6   -8858.6800  0.2386
  7   -8858.7168  0.2380
  8   -8858.7867  0.2308
  9   -8858.8760  0.2460
 10   -8858.9458  0.2179
 11   -8858.9822  0.1848
 12   -8858.9989  0.1707

VCNEB Calcualtion Step  189

Image  Energy-(eV)  Dist 
  1   -8858.9990  0.0000
  2   -8858.9799  0.1301
  3   -8858.9376  0.1345
  4   -8858.8570  0.1403
  5   -8858.7437  0.1620
  6   -8858.6800  0.2388
  7   -8858.7169  0.2383
  8   -8858.7869  0.2309
  9   -8858.8762  0.2460
 10   -8858.9459  0.2179
 11   -8858.9822  0.1847
 12   -8858.9989  0.1704

VCNEB Calcualtion Step  190

Image  Energy-(eV)  Dist 
  1   -8858.9990  0.0000
  2   -8858.9799  0.1302
  3   -8858.9377  0.1344
  4   -8858.8571  0.1402
  5   -8858.7438  0.1621
  6   -8858.6801  0.2391
  7   -8858.7171  0.2386
  8   -8858.7871  0.2309
  9   -8858.8763  0.2460
 10   -8858.9460  0.2178
 11   -8858.9823  0.1845
 12   -8858.9989  0.1702

VCNEB Calcualtion Step  191

Image  Energy-(eV)  Dist 
  1   -8858.9990  0.0000
  2   -8858.9799  0.1302
  3   -8858.9378  0.1343
  4   -8858.8572  0.1402
  5   -8858.7438  0.1622
  6   -8858.6800  0.2394
  7   -8858.7172  0.2388
  8   -8858.7873  0.2309
  9   -8858.8765  0.2460
 10   -8858.9461  0.2178
 11   -8858.9823  0.1844
 12   -8858.9989  0.1699

VCNEB Calcualtion Step  192

Image  Energy-(eV)  Dist 
  1   -8858.9990  0.0000
  2   -8858.9800  0.1303
  3   -8858.9378  0.1342
  4   -8858.8574  0.1402
  5   -8858.7439  0.1623
  6   -8858.6800  0.2396
  7   -8858.7173  0.2391
  8   -8858.7875  0.2310
  9   -8858.8766  0.2460
 10   -8858.9462  0.2178
 11   -8858.9823  0.1843
 12   -8858.9989  0.1696

VCNEB Calcualtion Step  193

Image  Energy-(eV)  Dist 
  1   -8858.9990  0.0000
  2   -8858.9800  0.1303
  3   -8858.9379  0.1342
  4   -8858.8575  0.1402
  5   -8858.7440  0.1623
  6   -8858.6800  0.2399
  7   -8858.7174  0.2394
  8   -8858.7876  0.2310
  9   -8858.8768  0.2460
 10   -8858.9463  0.2177
 11   -8858.9824  0.1841
 12   -8858.9989  0.1694

VCNEB Calcualtion Step  194

Image  Energy-(eV)  Dist 
  1   -8858.9990  0.0000
  2   -8858.9800  0.1304
  3   -8858.9380  0.1341
  4   -8858.8576  0.1401
  5   -8858.7440  0.1624
  6   -8858.6801  0.2401
  7   -8858.7175  0.2396
  8   -8858.7878  0.2311
  9   -8858.8770  0.2461
 10   -8858.9464  0.2177
 11   -8858.9824  0.1840
 12   -8858.9989  0.1691

VCNEB Calcualtion Step  195

Image  Energy-(eV)  Dist 
  1   -8858.9990  0.0000
  2   -8858.9800  0.1304
  3   -8858.9381  0.1340
  4   -8858.8577  0.1401
  5   -8858.7441  0.1625
  6   -8858.6800  0.2404
  7   -8858.7177  0.2399
  8   -8858.7880  0.2312
  9   -8858.8771  0.2461
 10   -8858.9465  0.2177
 11   -8858.9825  0.1838
 12   -8858.9989  0.1689

VCNEB Calcualtion Step  196

Image  Energy-(eV)  Dist 
  1   -8858.9990  0.0000
  2   -8858.9800  0.1304
  3   -8858.9381  0.1340
  4   -8858.8579  0.1401
  5   -8858.7441  0.1625
  6   -8858.6800  0.2406
  7   -8858.7178  0.2402
  8   -8858.7882  0.2312
  9   -8858.8773  0.2461
 10   -8858.9466  0.2176
 11   -8858.9825  0.1837
 12   -8858.9989  0.1686

VCNEB Calcualtion Step  197

Image  Energy-(eV)  Dist 
  1   -8858.9990  0.0000
  2   -8858.9800  0.1305
  3   -8858.9382  0.1339
  4   -8858.8580  0.1401
  5   -8858.7442  0.1626
  6   -8858.6800  0.2409
  7   -8858.7179  0.2404
  8   -8858.7883  0.2313
  9   -8858.8774  0.2461
 10   -8858.9467  0.2176
 11   -8858.9825  0.1835
 12   -8858.9989  0.1683

VCNEB Calcualtion Step  198

Image  Energy-(eV)  Dist 
  1   -8858.9990  0.0000
  2   -8858.9800  0.1305
  3   -8858.9383  0.1338
  4   -8858.8581  0.1400
  5   -8858.7443  0.1627
  6   -8858.6801  0.2411
  7   -8858.7180  0.2407
  8   -8858.7885  0.2313
  9   -8858.8776  0.2461
 10   -8858.9468  0.2175
 11   -8858.9826  0.1834
 12   -8858.9989  0.1681

VCNEB Calcualtion Step  199

Image  Energy-(eV)  Dist 
  1   -8858.9990  0.0000
  2   -8858.9800  0.1306
  3   -8858.9384  0.1337
  4   -8858.8582  0.1400
  5   -8858.7443  0.1627
  6   -8858.6799  0.2414
  7   -8858.7181  0.2409
  8   -8858.7887  0.2314
  9   -8858.8778  0.2462
 10   -8858.9469  0.2175
 11   -8858.9826  0.1832
 12   -8858.9989  0.1678

VCNEB Calcualtion Step  200

Image  Energy-(eV)  Dist 
  1   -8858.9990  0.0000
  2   -8858.9800  0.1306
  3   -8858.9384  0.1337
  4   -8858.8583  0.1400
  5   -8858.7444  0.1628
  6   -8858.6799  0.2416
  7   -8858.7182  0.2412
  8   -8858.7889  0.2315
  9   -8858.8779  0.2462
 10   -8858.9470  0.2175
 11   -8858.9826  0.1831
 12   -8858.9989  0.1676

VCNEB Calcualtion Step  201

Image  Energy-(eV)  Dist 
  1   -8858.9990  0.0000
  2   -8858.9800  0.1307
  3   -8858.9385  0.1336
  4   -8858.8585  0.1400
  5   -8858.7444  0.1629
  6   -8858.6799  0.2419
  7   -8858.7184  0.2414
  8   -8858.7890  0.2315
  9   -8858.8781  0.2462
 10   -8858.9471  0.2174
 11   -8858.9827  0.1829
 12   -8858.9989  0.1673

VCNEB Calcualtion Step  202

Image  Energy-(eV)  Dist 
  1   -8858.9990  0.0000
  2   -8858.9801  0.1307
  3   -8858.9386  0.1335
  4   -8858.8586  0.1399
  5   -8858.7445  0.1629
  6   -8858.6800  0.2421
  7   -8858.7185  0.2417
  8   -8858.7892  0.2316
  9   -8858.8782  0.2462
 10   -8858.9473  0.2174
 11   -8858.9827  0.1828
 12   -8858.9989  0.1671

VCNEB Calcualtion Step  203

Image  Energy-(eV)  Dist 
  1   -8858.9990  0.0000
  2   -8858.9801  0.1307
  3   -8858.9387  0.1334
  4   -8858.8587  0.1399
  5   -8858.7446  0.1630
  6   -8858.6799  0.2424
  7   -8858.7186  0.2420
  8   -8858.7894  0.2317
  9   -8858.8784  0.2462
 10   -8858.9474  0.2174
 11   -8858.9828  0.1827
 12   -8858.9989  0.1668

VCNEB Calcualtion Step  204

Image  Energy-(eV)  Dist 
  1   -8858.9990  0.0000
  2   -8858.9801  0.1308
  3   -8858.9387  0.1334
  4   -8858.8589  0.1399
  5   -8858.7446  0.1631
  6   -8858.6799  0.2426
  7   -8858.7187  0.2422
  8   -8858.7896  0.2317
  9   -8858.8786  0.2462
 10   -8858.9475  0.2173
 11   -8858.9828  0.1825
 12   -8858.9989  0.1666

VCNEB Calcualtion Step  205

Image  Energy-(eV)  Dist 
  1   -8858.9990  0.0000
  2   -8858.9801  0.1308
  3   -8858.9388  0.1333
  4   -8858.8590  0.1399
  5   -8858.7447  0.1632
  6   -8858.6799  0.2429
  7   -8858.7188  0.2425
  8   -8858.7898  0.2318
  9   -8858.8787  0.2462
 10   -8858.9476  0.2173
 11   -8858.9828  0.1824
 12   -8858.9989  0.1663

VCNEB Calcualtion Step  206

Image  Energy-(eV)  Dist 
  1   -8858.9990  0.0000
  2   -8858.9801  0.1309
  3   -8858.9389  0.1332
  4   -8858.8591  0.1399
  5   -8858.7447  0.1632
  6   -8858.6800  0.2431
  7   -8858.7189  0.2427
  8   -8858.7899  0.2319
  9   -8858.8789  0.2463
 10   -8858.9477  0.2172
 11   -8858.9829  0.1822
 12   -8858.9989  0.1661

VCNEB Calcualtion Step  207

Image  Energy-(eV)  Dist 
  1   -8858.9990  0.0000
  2   -8858.9801  0.1309
  3   -8858.9390  0.1332
  4   -8858.8592  0.1398
  5   -8858.7448  0.1633
  6   -8858.6799  0.2434
  7   -8858.7191  0.2430
  8   -8858.7901  0.2319
  9   -8858.8790  0.2463
 10   -8858.9478  0.2172
 11   -8858.9829  0.1821
 12   -8858.9989  0.1658

VCNEB Calcualtion Step  208

Image  Energy-(eV)  Dist 
  1   -8858.9990  0.0000
  2   -8858.9801  0.1309
  3   -8858.9390  0.1331
  4   -8858.8593  0.1398
  5   -8858.7449  0.1634
  6   -8858.6799  0.2436
  7   -8858.7192  0.2432
  8   -8858.7903  0.2320
  9   -8858.8792  0.2463
 10   -8858.9479  0.2171
 11   -8858.9829  0.1819
 12   -8858.9989  0.1656

VCNEB Calcualtion Step  209

Image  Energy-(eV)  Dist 
  1   -8858.9990  0.0000
  2   -8858.9801  0.1310
  3   -8858.9391  0.1330
  4   -8858.8595  0.1398
  5   -8858.7449  0.1634
  6   -8858.6799  0.2439
  7   -8858.7193  0.2434
  8   -8858.7905  0.2321
  9   -8858.8793  0.2463
 10   -8858.9480  0.2171
 11   -8858.9830  0.1818
 12   -8858.9989  0.1653

VCNEB Calcualtion Step  210

Image  Energy-(eV)  Dist 
  1   -8858.9990  0.0000
  2   -8858.9801  0.1310
  3   -8858.9392  0.1329
  4   -8858.8596  0.1398
  5   -8858.7450  0.1635
  6   -8858.6799  0.2441
  7   -8858.7194  0.2437
  8   -8858.7906  0.2322
  9   -8858.8795  0.2463
 10   -8858.9481  0.2171
 11   -8858.9830  0.1817
 12   -8858.9989  0.1651

VCNEB Calcualtion Step  211

Image  Energy-(eV)  Dist 
  1   -8858.9990  0.0000
  2   -8858.9802  0.1311
  3   -8858.9393  0.1329
  4   -8858.8597  0.1398
  5   -8858.7450  0.1636
  6   -8858.6800  0.2444
  7   -8858.7195  0.2439
  8   -8858.7908  0.2322
  9   -8858.8796  0.2463
 10   -8858.9482  0.2170
 11   -8858.9830  0.1815
 12   -8858.9989  0.1648

VCNEB Calcualtion Step  212

Image  Energy-(eV)  Dist 
  1   -8858.9990  0.0000
  2   -8858.9802  0.1311
  3   -8858.9393  0.1328
  4   -8858.8598  0.1397
  5   -8858.7451  0.1636
  6   -8858.6799  0.2446
  7   -8858.7197  0.2442
  8   -8858.7910  0.2323
  9   -8858.8798  0.2463
 10   -8858.9483  0.2170
 11   -8858.9831  0.1814
 12   -8858.9989  0.1646

VCNEB Calcualtion Step  213

Image  Energy-(eV)  Dist 
  1   -8858.9990  0.0000
  2   -8858.9802  0.1311
  3   -8858.9394  0.1327
  4   -8858.8599  0.1397
  5   -8858.7451  0.1637
  6   -8858.6799  0.2449
  7   -8858.7197  0.2444
  8   -8858.7912  0.2323
  9   -8858.8799  0.2464
 10   -8858.9484  0.2169
 11   -8858.9831  0.1812
 12   -8858.9989  0.1643

VCNEB Calcualtion Step  214

Image  Energy-(eV)  Dist 
  1   -8858.9990  0.0000
  2   -8858.9802  0.1312
  3   -8858.9395  0.1327
  4   -8858.8601  0.1397
  5   -8858.7452  0.1638
  6   -8858.6799  0.2451
  7   -8858.7198  0.2446
  8   -8858.7914  0.2324
  9   -8858.8801  0.2464
 10   -8858.9485  0.2169
 11   -8858.9831  0.1811
 12   -8858.9989  0.1641

VCNEB Calcualtion Step  215

Image  Energy-(eV)  Dist 
  1   -8858.9990  0.0000
  2   -8858.9802  0.1312
  3   -8858.9396  0.1326
  4   -8858.8602  0.1397
  5   -8858.7453  0.1639
  6   -8858.6799  0.2454
  7   -8858.7199  0.2449
  8   -8858.7915  0.2325
  9   -8858.8802  0.2464
 10   -8858.9486  0.2168
 11   -8858.9832  0.1809
 12   -8858.9989  0.1638

VCNEB Calcualtion Step  216

Image  Energy-(eV)  Dist 
  1   -8858.9990  0.0000
  2   -8858.9802  0.1312
  3   -8858.9396  0.1325
  4   -8858.8603  0.1397
  5   -8858.7453  0.1639
  6   -8858.6800  0.2456
  7   -8858.7200  0.2451
  8   -8858.7917  0.2325
  9   -8858.8804  0.2464
 10   -8858.9487  0.2168
 11   -8858.9832  0.1808
 12   -8858.9989  0.1636

VCNEB Calcualtion Step  217

Image  Energy-(eV)  Dist 
  1   -8858.9990  0.0000
  2   -8858.9803  0.1313
  3   -8858.9397  0.1324
  4   -8858.8604  0.1397
  5   -8858.7454  0.1640
  6   -8858.6798  0.2459
  7   -8858.7201  0.2454
  8   -8858.7919  0.2326
  9   -8858.8805  0.2464
 10   -8858.9488  0.2167
 11   -8858.9833  0.1806
 12   -8858.9989  0.1634

VCNEB Calcualtion Step  218

Image  Energy-(eV)  Dist 
  1   -8858.9990  0.0000
  2   -8858.9803  0.1313
  3   -8858.9398  0.1324
  4   -8858.8605  0.1396
  5   -8858.7454  0.1641
  6   -8858.6798  0.2461
  7   -8858.7202  0.2456
  8   -8858.7921  0.2327
  9   -8858.8807  0.2464
 10   -8858.9489  0.2167
 11   -8858.9833  0.1805
 12   -8858.9989  0.1631

VCNEB Calcualtion Step  219

Image  Energy-(eV)  Dist 
  1   -8858.9990  0.0000
  2   -8858.9803  0.1313
  3   -8858.9399  0.1323
  4   -8858.8607  0.1396
  5   -8858.7455  0.1641
  6   -8858.6798  0.2463
  7   -8858.7203  0.2458
  8   -8858.7922  0.2327
  9   -8858.8809  0.2464
 10   -8858.9490  0.2167
 11   -8858.9833  0.1803
 12   -8858.9989  0.1629

VCNEB Calcualtion Step  220

Image  Energy-(eV)  Dist 
  1   -8858.9990  0.0000
  2   -8858.9803  0.1314
  3   -8858.9399  0.1322
  4   -8858.8608  0.1396
  5   -8858.7455  0.1642
  6   -8858.6799  0.2466
  7   -8858.7205  0.2460
  8   -8858.7924  0.2328
  9   -8858.8810  0.2464
 10   -8858.9491  0.2166
 11   -8858.9834  0.1802
 12   -8858.9989  0.1626

VCNEB Calcualtion Step  221

Image  Energy-(eV)  Dist 
  1   -8858.9990  0.0000
  2   -8858.9803  0.1314
  3   -8858.9400  0.1322
  4   -8858.8609  0.1396
  5   -8858.7456  0.1643
  6   -8858.6798  0.2468
  7   -8858.7206  0.2463
  8   -8858.7926  0.2329
  9   -8858.8812  0.2464
 10   -8858.9492  0.2166
 11   -8858.9834  0.1801
 12   -8858.9989  0.1624

VCNEB Calcualtion Step  222

Image  Energy-(eV)  Dist 
  1   -8858.9990  0.0000
  2   -8858.9804  0.1314
  3   -8858.9401  0.1321
  4   -8858.8610  0.1396
  5   -8858.7456  0.1644
  6   -8858.6798  0.2471
  7   -8858.7207  0.2465
  8   -8858.7928  0.2330
  9   -8858.8813  0.2465
 10   -8858.9493  0.2165
 11   -8858.9834  0.1799
 12   -8858.9989  0.1621

VCNEB Calcualtion Step  223

Image  Energy-(eV)  Dist 
  1   -8858.9990  0.0000
  2   -8858.9804  0.1315
  3   -8858.9402  0.1320
  4   -8858.8611  0.1396
  5   -8858.7457  0.1644
  6   -8858.6798  0.2473
  7   -8858.7208  0.2467
  8   -8858.7929  0.2330
  9   -8858.8815  0.2465
 10   -8858.9494  0.2165
 11   -8858.9835  0.1798
 12   -8858.9989  0.1619

VCNEB Calcualtion Step  224

Image  Energy-(eV)  Dist 
  1   -8858.9990  0.0000
  2   -8858.9804  0.1315
  3   -8858.9402  0.1320
  4   -8858.8612  0.1395
  5   -8858.7457  0.1645
  6   -8858.6798  0.2476
  7   -8858.7209  0.2469
  8   -8858.7931  0.2331
  9   -8858.8816  0.2465
 10   -8858.9495  0.2164
 11   -8858.9835  0.1796
 12   -8858.9989  0.1617

VCNEB Calcualtion Step  225

Image  Energy-(eV)  Dist 
  1   -8858.9990  0.0000
  2   -8858.9804  0.1315
  3   -8858.9403  0.1319
  4   -8858.8614  0.1395
  5   -8858.7458  0.1646
  6   -8858.6799  0.2478
  7   -8858.7210  0.2471
  8   -8858.7933  0.2332
  9   -8858.8818  0.2465
 10   -8858.9496  0.2164
 11   -8858.9835  0.1795
 12   -8858.9989  0.1614

VCNEB Calcualtion Step  226

Image  Energy-(eV)  Dist 
  1   -8858.9990  0.0000
  2   -8858.9804  0.1316
  3   -8858.9404  0.1318
  4   -8858.8615  0.1395
  5   -8858.7459  0.1646
  6   -8858.6798  0.2480
  7   -8858.7211  0.2474
  8   -8858.7934  0.2333
  9   -8858.8819  0.2465
 10   -8858.9497  0.2163
 11   -8858.9836  0.1793
 12   -8858.9989  0.1612

VCNEB Calcualtion Step  227

Image  Energy-(eV)  Dist 
  1   -8858.9990  0.0000
  2   -8858.9805  0.1316
  3   -8858.9404  0.1317
  4   -8858.8616  0.1395
  5   -8858.7459  0.1647
  6   -8858.6798  0.2483
  7   -8858.7212  0.2476
  8   -8858.7936  0.2334
  9   -8858.8821  0.2465
 10   -8858.9498  0.2163
 11   -8858.9836  0.1792
 12   -8858.9989  0.1610

VCNEB Calcualtion Step  228

Image  Energy-(eV)  Dist 
  1   -8858.9990  0.0000
  2   -8858.9805  0.1316
  3   -8858.9405  0.1317
  4   -8858.8617  0.1395
  5   -8858.7460  0.1648
  6   -8858.6798  0.2485
  7   -8858.7213  0.2478
  8   -8858.7938  0.2334
  9   -8858.8822  0.2465
 10   -8858.9499  0.2162
 11   -8858.9836  0.1790
 12   -8858.9989  0.1607

VCNEB Calcualtion Step  229

Image  Energy-(eV)  Dist 
  1   -8858.9990  0.0000
  2   -8858.9805  0.1316
  3   -8858.9406  0.1316
  4   -8858.8618  0.1395
  5   -8858.7460  0.1649
  6   -8858.6799  0.2488
  7   -8858.7215  0.2480
  8   -8858.7940  0.2335
  9   -8858.8824  0.2465
 10   -8858.9500  0.2162
 11   -8858.9837  0.1789
 12   -8858.9989  0.1605

VCNEB Calcualtion Step  230

Image  Energy-(eV)  Dist 
  1   -8858.9990  0.0000
  2   -8858.9805  0.1317
  3   -8858.9407  0.1315
  4   -8858.8619  0.1395
  5   -8858.7461  0.1649
  6   -8858.6798  0.2490
  7   -8858.7216  0.2482
  8   -8858.7941  0.2336
  9   -8858.8825  0.2465
 10   -8858.9501  0.2161
 11   -8858.9837  0.1787
 12   -8858.9989  0.1603

VCNEB Calcualtion Step  231

Image  Energy-(eV)  Dist 
  1   -8858.9990  0.0000
  2   -8858.9805  0.1317
  3   -8858.9407  0.1315
  4   -8858.8621  0.1394
  5   -8858.7461  0.1650
  6   -8858.6798  0.2492
  7   -8858.7217  0.2484
  8   -8858.7943  0.2337
  9   -8858.8827  0.2465
 10   -8858.9502  0.2161
 11   -8858.9837  0.1786
 12   -8858.9989  0.1600

VCNEB Calcualtion Step  232

Image  Energy-(eV)  Dist 
  1   -8858.9990  0.0000
  2   -8858.9806  0.1317
  3   -8858.9408  0.1314
  4   -8858.8622  0.1394
  5   -8858.7462  0.1651
  6   -8858.6798  0.2495
  7   -8858.7218  0.2486
  8   -8858.7945  0.2338
  9   -8858.8828  0.2465
 10   -8858.9503  0.2160
 11   -8858.9838  0.1785
 12   -8858.9989  0.1598

VCNEB Calcualtion Step  233

Image  Energy-(eV)  Dist 
  1   -8858.9990  0.0000
  2   -8858.9806  0.1317
  3   -8858.9409  0.1314
  4   -8858.8623  0.1394
  5   -8858.7462  0.1651
  6   -8858.6799  0.2497
  7   -8858.7219  0.2489
  8   -8858.7946  0.2338
  9   -8858.8830  0.2465
 10   -8858.9504  0.2160
 11   -8858.9838  0.1783
 12   -8858.9989  0.1596

VCNEB Calcualtion Step  234

Image  Energy-(eV)  Dist 
  1   -8858.9990  0.0000
  2   -8858.9806  0.1318
  3   -8858.9410  0.1313
  4   -8858.8624  0.1394
  5   -8858.7463  0.1652
  6   -8858.6798  0.2499
  7   -8858.7220  0.2491
  8   -8858.7948  0.2339
  9   -8858.8831  0.2465
 10   -8858.9505  0.2159
 11   -8858.9838  0.1782
 12   -8858.9989  0.1593

VCNEB Calcualtion Step  235

Image  Energy-(eV)  Dist 
  1   -8858.9990  0.0000
  2   -8858.9806  0.1318
  3   -8858.9410  0.1312
  4   -8858.8625  0.1394
  5   -8858.7463  0.1653
  6   -8858.6798  0.2502
  7   -8858.7221  0.2493
  8   -8858.7950  0.2340
  9   -8858.8833  0.2465
 10   -8858.9506  0.2159
 11   -8858.9839  0.1780
 12   -8858.9989  0.1591

VCNEB Calcualtion Step  236

Image  Energy-(eV)  Dist 
  1   -8858.9990  0.0000
  2   -8858.9807  0.1318
  3   -8858.9411  0.1312
  4   -8858.8626  0.1394
  5   -8858.7464  0.1654
  6   -8858.6798  0.2504
  7   -8858.7222  0.2495
  8   -8858.7952  0.2341
  9   -8858.8834  0.2466
 10   -8858.9507  0.2158
 11   -8858.9839  0.1779
 12   -8858.9989  0.1589

VCNEB Calcualtion Step  237

Image  Energy-(eV)  Dist 
  1   -8858.9990  0.0000
  2   -8858.9807  0.1318
  3   -8858.9412  0.1311
  4   -8858.8627  0.1394
  5   -8858.7464  0.1654
  6   -8858.6799  0.2507
  7   -8858.7223  0.2497
  8   -8858.7953  0.2342
  9   -8858.8836  0.2466
 10   -8858.9508  0.2158
 11   -8858.9839  0.1777
 12   -8858.9989  0.1586

VCNEB Calcualtion Step  238

Image  Energy-(eV)  Dist 
  1   -8858.9990  0.0000
  2   -8858.9807  0.1319
  3   -8858.9413  0.1310
  4   -8858.8628  0.1394
  5   -8858.7465  0.1655
  6   -8858.6797  0.2509
  7   -8858.7225  0.2499
  8   -8858.7955  0.2342
  9   -8858.8837  0.2466
 10   -8858.9509  0.2157
 11   -8858.9840  0.1776
 12   -8858.9989  0.1584

VCNEB Calcualtion Step  239

Image  Energy-(eV)  Dist 
  1   -8858.9990  0.0000
  2   -8858.9807  0.1319
  3   -8858.9413  0.1310
  4   -8858.8630  0.1394
  5   -8858.7465  0.1656
  6   -8858.6797  0.2511
  7   -8858.7226  0.2501
  8   -8858.7957  0.2343
  9   -8858.8839  0.2466
 10   -8858.9510  0.2157
 11   -8858.9840  0.1775
 12   -8858.9989  0.1582

VCNEB Calcualtion Step  240

Image  Energy-(eV)  Dist 
  1   -8858.9990  0.0000
  2   -8858.9807  0.1319
  3   -8858.9414  0.1309
  4   -8858.8631  0.1394
  5   -8858.7466  0.1656
  6   -8858.6797  0.2514
  7   -8858.7227  0.2503
  8   -8858.7959  0.2344
  9   -8858.8840  0.2466
 10   -8858.9510  0.2156
 11   -8858.9840  0.1773
 12   -8858.9989  0.1579

VCNEB Calcualtion Step  241

Image  Energy-(eV)  Dist 
  1   -8858.9990  0.0000
  2   -8858.9808  0.1319
  3   -8858.9415  0.1308
  4   -8858.8632  0.1393
  5   -8858.7466  0.1657
  6   -8858.6798  0.2516
  7   -8858.7228  0.2505
  8   -8858.7960  0.2345
  9   -8858.8842  0.2466
 10   -8858.9511  0.2156
 11   -8858.9841  0.1772
 12   -8858.9989  0.1577

VCNEB Calcualtion Step  242

Image  Energy-(eV)  Dist 
  1   -8858.9990  0.0000
  2   -8858.9808  0.1319
  3   -8858.9416  0.1308
  4   -8858.8633  0.1393
  5   -8858.7467  0.1658
  6   -8858.6797  0.2518
  7   -8858.7229  0.2507
  8   -8858.7962  0.2346
  9   -8858.8843  0.2466
 10   -8858.9512  0.2155
 11   -8858.9841  0.1770
 12   -8858.9989  0.1575

VCNEB Calcualtion Step  243

Image  Energy-(eV)  Dist 
  1   -8858.9990  0.0000
  2   -8858.9808  0.1320
  3   -8858.9417  0.1307
  4   -8858.8634  0.1393
  5   -8858.7467  0.1659
  6   -8858.6797  0.2521
  7   -8858.7230  0.2509
  8   -8858.7964  0.2347
  9   -8858.8845  0.2466
 10   -8858.9513  0.2155
 11   -8858.9841  0.1769
 12   -8858.9989  0.1572

VCNEB Calcualtion Step  244

Image  Energy-(eV)  Dist 
  1   -8858.9990  0.0000
  2   -8858.9808  0.1320
  3   -8858.9417  0.1307
  4   -8858.8635  0.1393
  5   -8858.7468  0.1659
  6   -8858.6797  0.2523
  7   -8858.7231  0.2511
  8   -8858.7965  0.2348
  9   -8858.8846  0.2466
 10   -8858.9514  0.2154
 11   -8858.9842  0.1767
 12   -8858.9989  0.1570

VCNEB Calcualtion Step  245

Image  Energy-(eV)  Dist 
  1   -8858.9990  0.0000
  2   -8858.9809  0.1320
  3   -8858.9418  0.1306
  4   -8858.8636  0.1393
  5   -8858.7468  0.1660
  6   -8858.6798  0.2525
  7   -8858.7232  0.2513
  8   -8858.7967  0.2349
  9   -8858.8848  0.2466
 10   -8858.9515  0.2154
 11   -8858.9842  0.1766
 12   -8858.9989  0.1568

VCNEB Calcualtion Step  246

Image  Energy-(eV)  Dist 
  1   -8858.9990  0.0000
  2   -8858.9809  0.1320
  3   -8858.9419  0.1305
  4   -8858.8637  0.1393
  5   -8858.7469  0.1661
  6   -8858.6797  0.2528
  7   -8858.7233  0.2516
  8   -8858.7969  0.2350
  9   -8858.8849  0.2466
 10   -8858.9516  0.2153
 11   -8858.9842  0.1765
 12   -8858.9989  0.1566

VCNEB Calcualtion Step  247

Image  Energy-(eV)  Dist 
  1   -8858.9990  0.0000
  2   -8858.9809  0.1320
  3   -8858.9420  0.1305
  4   -8858.8639  0.1393
  5   -8858.7469  0.1661
  6   -8858.6797  0.2530
  7   -8858.7234  0.2517
  8   -8858.7970  0.2350
  9   -8858.8851  0.2466
 10   -8858.9517  0.2152
 11   -8858.9843  0.1763
 12   -8858.9989  0.1563

VCNEB Calcualtion Step  248

Image  Energy-(eV)  Dist 
  1   -8858.9990  0.0000
  2   -8858.9809  0.1320
  3   -8858.9420  0.1304
  4   -8858.8640  0.1393
  5   -8858.7470  0.1662
  6   -8858.6797  0.2532
  7   -8858.7235  0.2519
  8   -8858.7972  0.2351
  9   -8858.8852  0.2466
 10   -8858.9518  0.2152
 11   -8858.9843  0.1762
 12   -8858.9989  0.1561

VCNEB Calcualtion Step  249

Image  Energy-(eV)  Dist 
  1   -8858.9990  0.0000
  2   -8858.9809  0.1321
  3   -8858.9421  0.1304
  4   -8858.8641  0.1393
  5   -8858.7470  0.1663
  6   -8858.6798  0.2535
  7   -8858.7236  0.2521
  8   -8858.7974  0.2352
  9   -8858.8854  0.2466
 10   -8858.9519  0.2151
 11   -8858.9843  0.1760
 12   -8858.9989  0.1559

VCNEB Calcualtion Step  250

Image  Energy-(eV)  Dist 
  1   -8858.9990  0.0000
  2   -8858.9809  0.1321
  3   -8858.9422  0.1303
  4   -8858.8642  0.1393
  5   -8858.7471  0.1664
  6   -8858.6797  0.2537
  7   -8858.7238  0.2523
  8   -8858.7976  0.2353
  9   -8858.8855  0.2466
 10   -8858.9520  0.2151
 11   -8858.9843  0.1759
 12   -8858.9989  0.1557

VCNEB Calcualtion Step  251

Image  Energy-(eV)  Dist 
  1   -8858.9990  0.0000
  2   -8858.9810  0.1321
  3   -8858.9423  0.1303
  4   -8858.8643  0.1393
  5   -8858.7471  0.1664
  6   -8858.6797  0.2539
  7   -8858.7239  0.2525
  8   -8858.7977  0.2354
  9   -8858.8857  0.2466
 10   -8858.9521  0.2150
 11   -8858.9844  0.1758
 12   -8858.9989  0.1555

VCNEB Calcualtion Step  252

Image  Energy-(eV)  Dist 
  1   -8858.9990  0.0000
  2   -8858.9810  0.1321
  3   -8858.9423  0.1302
  4   -8858.8644  0.1393
  5   -8858.7471  0.1665
  6   -8858.6797  0.2541
  7   -8858.7240  0.2527
  8   -8858.7979  0.2354
  9   -8858.8858  0.2466
 10   -8858.9522  0.2150
 11   -8858.9844  0.1756
 12   -8858.9989  0.1552

VCNEB Calcualtion Step  253

Image  Energy-(eV)  Dist 
  1   -8858.9990  0.0000
  2   -8858.9810  0.1321
  3   -8858.9424  0.1301
  4   -8858.8645  0.1393
  5   -8858.7472  0.1666
  6   -8858.6798  0.2544
  7   -8858.7241  0.2529
  8   -8858.7981  0.2355
  9   -8858.8860  0.2466
 10   -8858.9523  0.2149
 11   -8858.9844  0.1755
 12   -8858.9989  0.1550

VCNEB Calcualtion Step  254

Image  Energy-(eV)  Dist 
  1   -8858.9990  0.0000
  2   -8858.9810  0.1321
  3   -8858.9425  0.1301
  4   -8858.8646  0.1393
  5   -8858.7472  0.1666
  6   -8858.6797  0.2546
  7   -8858.7243  0.2531
  8   -8858.7982  0.2356
  9   -8858.8861  0.2466
 10   -8858.9523  0.2148
 11   -8858.9845  0.1753
 12   -8858.9989  0.1548

VCNEB Calcualtion Step  255

Image  Energy-(eV)  Dist 
  1   -8858.9990  0.0000
  2   -8858.9811  0.1321
  3   -8858.9426  0.1300
  4   -8858.8647  0.1393
  5   -8858.7473  0.1667
  6   -8858.6797  0.2548
  7   -8858.7243  0.2532
  8   -8858.7984  0.2357
  9   -8858.8863  0.2467
 10   -8858.9524  0.2148
 11   -8858.9845  0.1752
 12   -8858.9989  0.1546

VCNEB Calcualtion Step  256

Image  Energy-(eV)  Dist 
  1   -8858.9990  0.0000
  2   -8858.9811  0.1321
  3   -8858.9426  0.1300
  4   -8858.8648  0.1393
  5   -8858.7473  0.1668
  6   -8858.6796  0.2550
  7   -8858.7244  0.2534
  8   -8858.7986  0.2358
  9   -8858.8864  0.2467
 10   -8858.9525  0.2147
 11   -8858.9845  0.1751
 12   -8858.9989  0.1544

VCNEB Calcualtion Step  257

Image  Energy-(eV)  Dist 
  1   -8858.9990  0.0000
  2   -8858.9811  0.1322
  3   -8858.9427  0.1299
  4   -8858.8649  0.1392
  5   -8858.7474  0.1669
  6   -8858.6796  0.2553
  7   -8858.7245  0.2536
  8   -8858.7987  0.2358
  9   -8858.8866  0.2467
 10   -8858.9526  0.2147
 11   -8858.9846  0.1749
 12   -8858.9989  0.1541

VCNEB Calcualtion Step  258

Image  Energy-(eV)  Dist 
  1   -8858.9990  0.0000
  2   -8858.9811  0.1322
  3   -8858.9428  0.1299
  4   -8858.8650  0.1392
  5   -8858.7474  0.1669
  6   -8858.6797  0.2555
  7   -8858.7246  0.2538
  8   -8858.7989  0.2359
  9   -8858.8867  0.2467
 10   -8858.9527  0.2146
 11   -8858.9846  0.1748
 12   -8858.9989  0.1539

VCNEB Calcualtion Step  259

Image  Energy-(eV)  Dist 
  1   -8858.9990  0.0000
  2   -8858.9811  0.1322
  3   -8858.9429  0.1298
  4   -8858.8652  0.1392
  5   -8858.7474  0.1670
  6   -8858.6796  0.2557
  7   -8858.7247  0.2540
  8   -8858.7991  0.2360
  9   -8858.8869  0.2467
 10   -8858.9528  0.2145
 11   -8858.9846  0.1746
 12   -8858.9989  0.1537

VCNEB Calcualtion Step  260

Image  Energy-(eV)  Dist 
  1   -8858.9990  0.0000
  2   -8858.9812  0.1322
  3   -8858.9429  0.1298
  4   -8858.8653  0.1392
  5   -8858.7475  0.1671
  6   -8858.6796  0.2559
  7   -8858.7248  0.2542
  8   -8858.7992  0.2361
  9   -8858.8870  0.2467
 10   -8858.9529  0.2145
 11   -8858.9847  0.1745
 12   -8858.9989  0.1535

VCNEB Calcualtion Step  261

Image  Energy-(eV)  Dist 
  1   -8858.9990  0.0000
  2   -8858.9812  0.1322
  3   -8858.9430  0.1297
  4   -8858.8654  0.1392
  5   -8858.7475  0.1672
  6   -8858.6796  0.2562
  7   -8858.7250  0.2544
  8   -8858.7994  0.2362
  9   -8858.8872  0.2467
 10   -8858.9530  0.2144
 11   -8858.9847  0.1744
 12   -8858.9989  0.1533

VCNEB Calcualtion Step  262

Image  Energy-(eV)  Dist 
  1   -8858.9990  0.0000
  2   -8858.9812  0.1322
  3   -8858.9431  0.1297
  4   -8858.8655  0.1392
  5   -8858.7476  0.1672
  6   -8858.6796  0.2564
  7   -8858.7250  0.2546
  8   -8858.7996  0.2363
  9   -8858.8873  0.2467
 10   -8858.9531  0.2143
 11   -8858.9847  0.1742
 12   -8858.9989  0.1531

VCNEB Calcualtion Step  263

Image  Energy-(eV)  Dist 
  1   -8858.9990  0.0000
  2   -8858.9812  0.1322
  3   -8858.9432  0.1296
  4   -8858.8656  0.1392
  5   -8858.7476  0.1673
  6   -8858.6797  0.2566
  7   -8858.7251  0.2547
  8   -8858.7997  0.2364
  9   -8858.8875  0.2467
 10   -8858.9532  0.2143
 11   -8858.9848  0.1741
 12   -8858.9989  0.1528

VCNEB Calcualtion Step  264

Image  Energy-(eV)  Dist 
  1   -8858.9990  0.0000
  2   -8858.9812  0.1322
  3   -8858.9432  0.1296
  4   -8858.8657  0.1392
  5   -8858.7477  0.1674
  6   -8858.6796  0.2568
  7   -8858.7253  0.2549
  8   -8858.7999  0.2365
  9   -8858.8876  0.2467
 10   -8858.9533  0.2142
 11   -8858.9848  0.1740
 12   -8858.9989  0.1526

VCNEB Calcualtion Step  265

Image  Energy-(eV)  Dist 
  1   -8858.9990  0.0000
  2   -8858.9813  0.1322
  3   -8858.9433  0.1295
  4   -8858.8658  0.1392
  5   -8858.7477  0.1674
  6   -8858.6796  0.2571
  7   -8858.7254  0.2551
  8   -8858.8001  0.2365
  9   -8858.8878  0.2467
 10   -8858.9533  0.2142
 11   -8858.9848  0.1738
 12   -8858.9989  0.1524

VCNEB Calcualtion Step  266

Image  Energy-(eV)  Dist 
  1   -8858.9990  0.0000
  2   -8858.9813  0.1322
  3   -8858.9434  0.1295
  4   -8858.8659  0.1392
  5   -8858.7477  0.1675
  6   -8858.6796  0.2573
  7   -8858.7255  0.2553
  8   -8858.8002  0.2366
  9   -8858.8879  0.2467
 10   -8858.9534  0.2141
 11   -8858.9848  0.1737
 12   -8858.9989  0.1522

VCNEB Calcualtion Step  267

Image  Energy-(eV)  Dist 
  1   -8858.9990  0.0000
  2   -8858.9813  0.1322
  3   -8858.9435  0.1294
  4   -8858.8660  0.1392
  5   -8858.7478  0.1676
  6   -8858.6796  0.2575
  7   -8858.7256  0.2555
  8   -8858.8004  0.2367
  9   -8858.8881  0.2467
 10   -8858.9535  0.2140
 11   -8858.9849  0.1735
 12   -8858.9989  0.1520

VCNEB Calcualtion Step  268

Image  Energy-(eV)  Dist 
  1   -8858.9990  0.0000
  2   -8858.9813  0.1322
  3   -8858.9435  0.1294
  4   -8858.8661  0.1392
  5   -8858.7478  0.1677
  6   -8858.6797  0.2577
  7   -8858.7257  0.2557
  8   -8858.8005  0.2368
  9   -8858.8882  0.2467
 10   -8858.9536  0.2140
 11   -8858.9849  0.1734
 12   -8858.9989  0.1518

VCNEB Calcualtion Step  269

Image  Energy-(eV)  Dist 
  1   -8858.9990  0.0000
  2   -8858.9814  0.1322
  3   -8858.9436  0.1293
  4   -8858.8662  0.1392
  5   -8858.7479  0.1677
  6   -8858.6796  0.2580
  7   -8858.7258  0.2559
  8   -8858.8007  0.2369
  9   -8858.8883  0.2467
 10   -8858.9537  0.2139
 11   -8858.9849  0.1733
 12   -8858.9989  0.1516

VCNEB Calcualtion Step  270

Image  Energy-(eV)  Dist 
  1   -8858.9990  0.0000
  2   -8858.9814  0.1322
  3   -8858.9437  0.1293
  4   -8858.8663  0.1392
  5   -8858.7479  0.1678
  6   -8858.6796  0.2582
  7   -8858.7260  0.2560
  8   -8858.8009  0.2370
  9   -8858.8885  0.2467
 10   -8858.9538  0.2138
 11   -8858.9850  0.1731
 12   -8858.9989  0.1514

VCNEB Calcualtion Step  271

Image  Energy-(eV)  Dist 
  1   -8858.9990  0.0000
  2   -8858.9814  0.1322
  3   -8858.9437  0.1292
  4   -8858.8664  0.1392
  5   -8858.7479  0.1679
  6   -8858.6796  0.2584
  7   -8858.7260  0.2562
  8   -8858.8010  0.2370
  9   -8858.8886  0.2467
 10   -8858.9539  0.2138
 11   -8858.9850  0.1730
 12   -8858.9989  0.1512

VCNEB Calcualtion Step  272

Image  Energy-(eV)  Dist 
  1   -8858.9990  0.0000
  2   -8858.9814  0.1322
  3   -8858.9438  0.1292
  4   -8858.8665  0.1392
  5   -8858.7480  0.1679
  6   -8858.6796  0.2586
  7   -8858.7261  0.2564
  8   -8858.8012  0.2371
  9   -8858.8888  0.2467
 10   -8858.9540  0.2137
 11   -8858.9850  0.1729
 12   -8858.9989  0.1509

VCNEB Calcualtion Step  273

Image  Energy-(eV)  Dist 
  1   -8858.9990  0.0000
  2   -8858.9814  0.1322
  3   -8858.9439  0.1291
  4   -8858.8666  0.1392
  5   -8858.7480  0.1680
  6   -8858.6796  0.2588
  7   -8858.7262  0.2566
  8   -8858.8014  0.2372
  9   -8858.8889  0.2466
 10   -8858.9541  0.2136
 11   -8858.9851  0.1727
 12   -8858.9989  0.1507

VCNEB Calcualtion Step  274

Image  Energy-(eV)  Dist 
  1   -8858.9990  0.0000
  2   -8858.9815  0.1322
  3   -8858.9440  0.1291
  4   -8858.8667  0.1392
  5   -8858.7481  0.1681
  6   -8858.6797  0.2591
  7   -8858.7263  0.2567
  8   -8858.8015  0.2373
  9   -8858.8891  0.2466
 10   -8858.9542  0.2136
 11   -8858.9851  0.1726
 12   -8858.9989  0.1505

VCNEB Calcualtion Step  275

Image  Energy-(eV)  Dist 
  1   -8858.9990  0.0000
  2   -8858.9815  0.1322
  3   -8858.9440  0.1290
  4   -8858.8668  0.1392
  5   -8858.7481  0.1682
  6   -8858.6796  0.2593
  7   -8858.7264  0.2569
  8   -8858.8017  0.2374
  9   -8858.8892  0.2466
 10   -8858.9542  0.2135
 11   -8858.9851  0.1725
 12   -8858.9989  0.1503

VCNEB Calcualtion Step  276

Image  Energy-(eV)  Dist 
  1   -8858.9990  0.0000
  2   -8858.9815  0.1322
  3   -8858.9441  0.1290
  4   -8858.8669  0.1392
  5   -8858.7481  0.1682
  6   -8858.6796  0.2595
  7   -8858.7265  0.2571
  8   -8858.8019  0.2375
  9   -8858.8894  0.2466
 10   -8858.9543  0.2135
 11   -8858.9851  0.1723
 12   -8858.9989  0.1501

VCNEB Calcualtion Step  277

Image  Energy-(eV)  Dist 
  1   -8858.9990  0.0000
  2   -8858.9815  0.1322
  3   -8858.9442  0.1289
  4   -8858.8670  0.1392
  5   -8858.7482  0.1683
  6   -8858.6796  0.2597
  7   -8858.7266  0.2572
  8   -8858.8020  0.2376
  9   -8858.8895  0.2466
 10   -8858.9544  0.2134
 11   -8858.9852  0.1722
 12   -8858.9989  0.1499
