VCNEB Calcualtion Step  277

 Image    a        b        c      alpha    beta   gamma  
   1   3.2698   3.2698   5.1183,   90.000  90.000 120.000
   2   3.2700   3.2700   5.0550,   90.654  89.346 120.003
   3   3.2699   3.2699   4.9476,   90.519  89.481 120.002
   4   3.2699   3.2699   4.8251,   90.317  89.683 120.001
   5   3.2698   3.2698   4.6875,   90.128  89.872 120.000
   6   3.2698   3.2698   4.5728,   90.080  89.920 120.000
   7   3.2698   3.2698   4.6102,   90.005  89.995 120.000
   8   3.2698   3.2698   4.7442,   89.999  90.001 120.000
   9   3.2698   3.2698   4.8723,   89.987  90.013 120.000
  10   3.2698   3.2698   4.9779,   89.979  90.021 120.000
  11   3.2698   3.2698   5.0588,   89.976  90.024 120.000
  12   3.2698   3.2698   5.1183,   90.000  90.000 120.000
