&control
  calculation ='scf'
  restart_mode ='from_scratch',
  prefix       ='ZnO',
  outdir='./temp'
  pseudo_dir='./GBRV_PBEsol'
  disk_io='low'
  etot_conv_thr=1.D-7,
  forc_conv_thr=1.D-6,
  verbosity    ='high',
  tprnfor=.t.
  tstress=.t.
  nstep=200
!  tefield = .true.
!  dipfield = .true.

 /
&system
  nosym = .true.,
  ibrav= 0,
  nat=  72,
  ntyp= 3,
  tot_charge = 0.0
  ecutwfc =  60,
  ecutrho = 500,
  occupations='smearing', smearing='mv', degauss=0.001,
!  eamp = 0.0
!  edir = 3
!  emaxpos = 0.1
!  eopreg = 0.05

!  input_dft='hse', nqx1=2, nqx2=2, nqx3=1,
!  x_gamma_extrapolation = .true.
!  vdw_corr = DFT-D3
/

&electrons
    mixing_mode = 'plain'
    mixing_beta = 0.5,
    conv_thr =  1.0d-8
!   Startingpot = 'file'
!   Startingwfc = 'file'
/

&IONS
  upscale           = 100.D0,
/

&CELL
  cell_dynamics     = 'bfgs'
  press_conv_thr    = 0.5d0
  cell_dofree = 'z'
/

ATOMIC_SPECIES
Zn 65.38   zn_pbesol_v1.uspp.F.UPF
O  15.999  o_pbesol_v1.2.uspp.F.UPF
Mg 24.305   mg_pbesol_v1.4.uspp.F.UPF

K_POINTS {automatic}
4 4 4 0 0 0 

CELL_PARAMETERS (angstrom)
   9.760484460  -0.006522928   0.005047546
  -4.885876579   8.462586866  -0.001997511
   0.006803180   0.000805560   9.262059164

ATOMIC_POSITIONS (crystal)
Mg       0.224513843   0.780741413   0.250233401    1   1   0
Mg       0.225083860   0.441868992   0.251836434    1   1   0
Mg       0.888061529   0.109572202   0.251959190    1   1   0
Mg       0.553913647   0.779263197   0.253300346    1   1   0
Mg       0.886336365   0.776355171   0.253638352    1   1   0
Mg       0.555920590   0.115077295   0.256119603    1   1   0
Mg       0.114708305   0.556205888   0.500867318    1   1   0
Mg       0.775090099   0.887096647   0.503532978    1   1   0
Mg       0.109282811   0.887327151   0.504127390    1   1   0
Mg       0.111282226   0.221381371   0.504651077    1   1   0
Mg       0.225353420   0.780721846   0.753188277    1   1   0
Mg       0.554976363   0.444006709   0.753606179    1   1   0
Mg       0.777368289   0.888035295   0.000567589    1   1   0
Mg       0.114126192   0.555095862   0.000900866    1   1   0
Mg       0.779880199   0.224595353   0.003822406    1   1   0
Mg       0.779322334   0.552638995   0.005653930    1   1   0
O        0.556499071   0.444542545   0.000566161    1   1   0
O        0.893357060   0.445665291   0.000900392    1   1   0
O        0.222589696   0.777786083   0.001392738    1   1   0
O        0.218516935   0.107602862   0.003133177    1   1   0
O        0.554826059   0.779373873   0.003748503    1   1   0
O        0.886695503   0.109311314   0.003823362    1   1   0
O        0.223077770   0.442236495   0.004091520    1   1   0
O        0.885116325   0.774682336   0.004498846    1   1   0
O        0.557593931   0.116252260   0.005654730    1   1   0
O        0.778718482   0.553112387   0.249710923    1   1   0
O        0.778541971   0.222469691   0.250234315    1   1   0
O        0.445878631   0.893015397   0.250815341    1   1   0
O        0.117747756   0.557988791   0.251835880    1   1   0
O        0.446820045   0.557658899   0.251956965    1   1   0
O        0.441419733   0.222663533   0.253299529    1   1   0
O        0.775930216   0.887707019   0.253637724    1   1   0
O        0.108485235   0.885641857   0.254805602    1   1   0
O        0.109622916   0.221031159   0.256120382    1   1   0
O        0.886424081   0.776220502   0.499131203    1   1   0
O        0.888236922   0.109285929   0.499818933    1   1   0
O        0.557097499   0.115114682   0.500567976    1   1   0
O        0.222487278   0.442794859   0.500868338    1   1   0
O        0.553263607   0.778943443   0.501429022    1   1   0
O        0.892592433   0.445638929   0.501786771    1   1   0
O        0.221500660   0.777754331   0.503532730    1   1   0
O        0.219446431   0.108290830   0.504126475    1   1   0
O        0.556515149   0.445369214   0.504649765    1   1   0
O        0.776213677   0.887219325   0.750216043    1   1   0
O        0.109839138   0.221191900   0.751159081    1   1   0
O        0.108160294   0.885526866   0.751169511    1   1   0
O        0.116317701   0.558271874   0.752014685    1   1   0
O        0.446230124   0.557082343   0.752606156    1   1   0
O        0.441990354   0.222319945   0.753027337    1   1   0
O        0.446701315   0.894128633   0.753188781    1   1   0
O        0.778962488   0.223671410   0.753605396    1   1   0
O        0.777088888   0.552578186   0.754736740    1   1   0
Zn       0.894192461   0.444830389   0.249710150    1   1   0
Zn       0.555166489   0.444540593   0.250814892    1   1   0
Zn       0.218379755   0.107822266   0.254804782    1   1   0
Zn       0.779089697   0.553608542   0.499128235    1   1   0
Zn       0.443794947   0.891889759   0.499818432    1   1   0
Zn       0.780528121   0.223772273   0.500567003    1   1   0
Zn       0.444706316   0.556538357   0.501428623    1   1   0
Zn       0.440591496   0.222531211   0.501790516    1   1   0
Zn       0.887168508   0.110267765   0.750215102    1   1   0
Zn       0.885900471   0.773605871   0.751159782    1   1   0
Zn       0.224454450   0.443709311   0.751166976    1   1   0
Zn       0.556413399   0.115472487   0.752018256    1   1   0
Zn       0.551534956   0.778366495   0.752608773    1   1   0
Zn       0.893203941   0.446751819   0.753022783    1   1   0
Zn       0.220113839   0.107975000   0.754738266    1   1   0
Zn       0.106897136   0.885262347   0.001393937    1   1   0
Zn       0.108751465   0.220174721   0.003132739    1   1   0
Zn       0.445988769   0.556624683   0.003745153    1   1   0
Zn       0.440813481   0.221737994   0.004094814    1   1   0
Zn       0.446584855   0.894389735   0.004498451    1   1   0

