&control
  calculation ='scf'
  restart_mode ='from_scratch',
  prefix       ='ZnO',
  outdir='./temp'
  pseudo_dir='./GBRV_PBEsol'
  disk_io='low'
  etot_conv_thr=1.D-7,
  forc_conv_thr=1.D-6,
  verbosity    ='high',
  tprnfor=.t.
  tstress=.t.
  nstep=200
!  tefield = .true.
!  dipfield = .true.

 /
&system
  nosym = .true.,
  ibrav= 0,
  nat=  72,
  ntyp= 3,
  tot_charge = 0.0
  ecutwfc =  60,
  ecutrho = 500,
  occupations='smearing', smearing='mv', degauss=0.001,
!  eamp = 0.0
!  edir = 3
!  emaxpos = 0.1
!  eopreg = 0.05

!  input_dft='hse', nqx1=2, nqx2=2, nqx3=1,
!  x_gamma_extrapolation = .true.
!  vdw_corr = DFT-D3
/

&electrons
    mixing_mode = 'plain'
    mixing_beta = 0.5,
    conv_thr =  1.0d-8
!   Startingpot = 'file'
!   Startingwfc = 'file'
/

&IONS
  upscale           = 100.D0,
/

&CELL
  cell_dynamics     = 'bfgs'
  press_conv_thr    = 0.5d0
  cell_dofree = 'z'
/

ATOMIC_SPECIES
Zn 65.38   zn_pbesol_v1.uspp.F.UPF
O  15.999  o_pbesol_v1.2.uspp.F.UPF
Mg 24.305   mg_pbesol_v1.4.uspp.F.UPF

K_POINTS {automatic}
4 4 4 0 0 0 

CELL_PARAMETERS (angstrom)
   9.748833799  -0.009047917  -0.000232983
  -4.882236168   8.442786028   0.002040247
  -0.000314651   0.002939158   9.385791570

ATOMIC_POSITIONS (crystal)
Zn       0.223327909   0.114135861   0.253763954    1   1   0
Zn       0.222927723   0.113762598   0.752602628    1   1   0
Zn       0.221494381   0.445128012   0.250666716    1   1   0
Zn       0.221031934   0.445159815   0.755800850    1   1   0
Zn       0.223067376   0.781933485   0.252916266    1   1   0
Zn       0.222098667   0.780709421   0.752225651    1   1   0
Zn       0.557313618   0.111814484   0.253490276    1   1   0
Zn       0.557994829   0.111063682   0.754081253    1   1   0
Zn       0.556090462   0.442927796   0.252363515    1   1   0
Mg       0.556684964   0.441738173   0.752824078    1   1   0
Mg       0.555003112   0.777647033   0.256213491    1   1   0
Zn       0.554593561   0.775604538   0.751001508    1   1   0
Zn       0.887578462   0.108071573   0.252871067    1   1   0
Mg       0.887140341   0.108572538   0.753053536    1   1   0
Zn       0.888976718   0.443953698   0.252315641    1   1   0
Mg       0.888822957   0.444421430   0.751235986    1   1   0
Mg       0.886879807   0.776421581   0.251483258    1   1   0
Mg       0.885642723   0.775259712   0.752108136    1   1   0
Zn       0.111172819   0.224231656   0.502507956    1   1   0
Zn       0.112018673   0.224630175   0.002868198    1   1   0
Zn       0.114189675   0.559945423   0.502462743    1   1   0
Mg       0.113249604   0.558666996   0.002026996    1   1   0
Mg       0.111577769   0.891465442   0.502264351    1   1   0
Mg       0.113383710   0.892777097   0.003807093    1   1   0
Zn       0.445334823   0.220985466   0.503769291    1   1   0
Zn       0.445197235   0.220860155   0.001153129    1   1   0
Mg       0.442500604   0.552519018   0.504965682    1   1   0
Mg       0.443634119   0.552883249   0.003909319    1   1   0
Mg       0.444640836   0.889515709   0.500216030    1   1   0
Zn       0.443889463   0.887615800   0.001542020    1   1   0
Zn       0.778970140   0.222643729   0.505095456    1   1   0
Zn       0.779049704   0.222759887   0.001905411    1   1   0
Zn       0.777164785   0.554144022   0.504149588    1   1   0
Zn       0.778043293   0.554029764   0.002010356    1   1   0
Zn       0.774330018   0.885768292   0.502596009    1   1   0
Zn       0.775170261   0.886474181   0.003535615    1   1   0
O        0.223072321   0.113989185   0.003534969    1   1   0
O        0.222715437   0.113418479   0.502507863    1   1   0
O        0.222235272   0.446236673   0.002868124    1   1   0
O        0.221043342   0.445824176   0.502463443    1   1   0
O        0.222344337   0.780733273   0.002027189    1   1   0
O        0.222437492   0.781195090   0.502264251    1   1   0
O        0.556528115   0.109987056   0.003807482    1   1   0
O        0.557145110   0.111399991   0.503768810    1   1   0
O        0.555851212   0.443658400   0.001153241    1   1   0
O        0.554953369   0.443578377   0.504965816    1   1   0
O        0.553013937   0.774999562   0.003909030    1   1   0
O        0.552027954   0.774627817   0.500216207    1   1   0
O        0.888700525   0.109468897   0.001542289    1   1   0
O        0.887912904   0.108797264   0.505095719    1   1   0
O        0.890778502   0.444926557   0.001905534    1   1   0
O        0.891122467   0.445399631   0.504149517    1   1   0
O        0.890085083   0.777873951   0.002010078    1   1   0
O        0.889014818   0.777571917   0.502595366    1   1   0
O        0.109979985   0.222932785   0.253764373    1   1   0
O        0.109960193   0.222709086   0.752603144    1   1   0
O        0.112152048   0.558550602   0.250666536    1   1   0
O        0.111629807   0.557909327   0.755800021    1   1   0
O        0.109271040   0.890578779   0.252915962    1   1   0
O        0.108750734   0.890150718   0.752226188    1   1   0
O        0.445143072   0.221386159   0.253490958    1   1   0
O        0.444638087   0.219678936   0.754081350    1   1   0
O        0.444945003   0.554576517   0.252363823    1   1   0
O        0.444464107   0.552537080   0.752824321    1   1   0
O        0.445063575   0.889256386   0.256212856    1   1   0
O        0.444749345   0.887941267   0.751001360    1   1   0
O        0.779764822   0.222225011   0.252870412    1   1   0
O        0.779802805   0.222707351   0.753053243    1   1   0
O        0.778045091   0.554720557   0.252316001    1   1   0
O        0.777981260   0.554487908   0.751236008    1   1   0
O        0.776436783   0.886895627   0.251483253    1   1   0
O        0.776052969   0.886828118   0.752108180    1   1   0

