&control
  calculation ='scf'
  restart_mode ='from_scratch',
  prefix       ='ZnO',
  outdir='./temp'
  pseudo_dir='./GBRV_PBEsol'
  disk_io='low'
  etot_conv_thr=1.D-7,
  forc_conv_thr=1.D-6,
  verbosity    ='high',
  tprnfor=.t.
  tstress=.t.
  nstep=200
!  tefield = .true.
!  dipfield = .true.

 /
&system
  nosym = .true.,
  ibrav= 0,
  nat=  72,
  ntyp= 3,
  tot_charge = 0.0
  ecutwfc =  60,
  ecutrho = 500,
  occupations='smearing', smearing='mv', degauss=0.001,
!  eamp = 0.0
!  edir = 3
!  emaxpos = 0.1
!  eopreg = 0.05

!  input_dft='hse', nqx1=2, nqx2=2, nqx3=1,
!  x_gamma_extrapolation = .true.
!  vdw_corr = DFT-D3
/

&electrons
    mixing_mode = 'plain'
    mixing_beta = 0.5,
    conv_thr =  1.0d-8
!   Startingpot = 'file'
!   Startingwfc = 'file'
/

&IONS
  upscale           = 100.D0,
/

&CELL
  cell_dynamics     = 'bfgs'
  press_conv_thr    = 0.5d0
  cell_dofree = 'all'
/

ATOMIC_SPECIES
Zn 65.38   zn_pbesol_v1.uspp.F.UPF
O  15.999  o_pbesol_v1.2.uspp.F.UPF
Mg 24.305   mg_pbesol_v1.4.uspp.F.UPF

K_POINTS {automatic}
4 4 4 0 0 0 

CELL_PARAMETERS (angstrom)
  10.336832750  -0.009266543  -0.001739583
  -5.176425916   8.961244562   0.001705786
  -0.002466297   0.001238008   8.749587966

ATOMIC_POSITIONS (crystal)
Zn       0.223301551   0.111072722   0.251442778    1   1   0
Zn       0.223876787   0.112267532   0.755669051    1   1   0
Zn       0.222677010   0.444411454   0.253443817    1   1   0
Zn       0.223159847   0.444843056   0.752438387    1   1   0
Zn       0.222301502   0.778462804   0.251451225    1   1   0
Zn       0.223255770   0.778135371   0.754272881    1   1   0
Zn       0.554460931   0.110320180   0.253263505    1   1   0
Mg       0.555191522   0.110544767   0.752590872    1   1   0
Zn       0.555190207   0.444512573   0.252652128    1   1   0
Mg       0.555864849   0.445222855   0.753470686    1   1   0
Mg       0.554247275   0.777589405   0.253037351    1   1   0
Zn       0.554146311   0.777303979   0.753417163    1   1   0
Zn       0.887189557   0.109308530   0.252965553    1   1   0
Zn       0.888790404   0.111694497   0.753079362    1   1   0
Mg       0.885874230   0.442243698   0.251847043    1   1   0
Zn       0.888057992   0.444127841   0.752744945    1   1   0
Mg       0.888437072   0.777501809   0.255988631    1   1   0
Zn       0.888893026   0.777080899   0.750184694    1   1   0
Zn       0.111699000   0.222637411   0.502605491    1   1   0
Mg       0.112179436   0.222865389   0.002728417    1   1   0
Mg       0.111830514   0.556075921   0.502686040    1   1   0
Mg       0.113006492   0.556101706   0.002330688    1   1   0
Zn       0.112858896   0.889650090   0.502739049    1   1   0
Mg       0.112825581   0.889877253   0.001867834    1   1   0
Zn       0.444099324   0.222373670   0.505450067    1   1   0
Zn       0.444222660   0.222289270   0.001692401    1   1   0
Zn       0.443854453   0.555669528   0.505313717    1   1   0
Zn       0.442957780   0.554756469   0.004788147    1   1   0
Zn       0.443032775   0.888183775   0.501569592    1   1   0
Zn       0.443464364   0.888425598   0.002666203    1   1   0
Zn       0.778593530   0.222733648   0.503488405    1   1   0
Zn       0.777682352   0.221380762   0.004170617    1   1   0
Zn       0.778298169   0.555057129   0.501004869    1   1   0
Zn       0.778594581   0.556599594   0.004196029    1   1   0
Mg       0.777921861   0.890196467   0.501089628    1   1   0
Zn       0.777968566   0.888360129   0.003137861    1   1   0
O        0.222538438   0.111389386   0.003137859    1   1   0
O        0.221928956   0.111284878   0.502605342    1   1   0
O        0.221724872   0.444268137   0.002728583    1   1   0
O        0.221918146   0.444276650   0.502686074    1   1   0
O        0.221686967   0.777260718   0.002330524    1   1   0
O        0.221640723   0.777547964   0.502739002    1   1   0
O        0.555059330   0.110865315   0.001867721    1   1   0
O        0.555444625   0.110920505   0.505450391    1   1   0
O        0.555614789   0.444704885   0.001692215    1   1   0
O        0.555728351   0.445095043   0.505314038    1   1   0
O        0.555574333   0.777842324   0.004787818    1   1   0
O        0.555183571   0.777982398   0.501569416    1   1   0
O        0.888849540   0.110266812   0.002666547    1   1   0
O        0.889740845   0.112097289   0.503488344    1   1   0
O        0.889852280   0.444562339   0.004170604    1   1   0
O        0.889478543   0.444696545   0.501004689    1   1   0
O        0.890021947   0.778917871   0.004196366    1   1   0
O        0.889208478   0.778291647   0.501089565    1   1   0
O        0.110635507   0.221601860   0.251442898    1   1   0
O        0.111733649   0.222449600   0.755668862    1   1   0
O        0.109638391   0.554843651   0.253443575    1   1   0
O        0.111065615   0.555398761   0.752438369    1   1   0
O        0.110720355   0.888722668   0.251451388    1   1   0
O        0.111708500   0.889414832   0.754272604    1   1   0
O        0.445379618   0.222794741   0.253263528    1   1   0
O        0.445610682   0.223022846   0.752590940    1   1   0
O        0.444559354   0.555473011   0.252652225    1   1   0
O        0.444827114   0.556015740   0.753470680    1   1   0
O        0.443973894   0.888935315   0.253037372    1   1   0
O        0.444728623   0.888847647   0.753417113    1   1   0
O        0.776568358   0.220619400   0.252965539    1   1   0
O        0.777774606   0.222546128   0.753079377    1   1   0
O        0.777409446   0.555489335   0.251847114    1   1   0
O        0.778388696   0.555787784   0.752744968    1   1   0
O        0.776631329   0.887476994   0.255988259    1   1   0
O        0.777445353   0.888411190   0.750185001    1   1   0

