
VCNEB Calcualtion Step    0

Image  Energy-(eV)  Dist 
  1   -13429.8470  0.0000
  2   -13429.8399  0.1247
  3   -13429.8178  0.1343
  4   -13429.7810  0.1489
  5   -13429.7255  0.1587
  6   -13429.6669  0.1636
  7   -13429.6262  0.1744
  8   -13429.6224  0.1995
  9   -13429.6336  0.1720
 10   -13429.6669  0.2219
 11   -13429.7199  0.2418
 12   -13429.7739  0.2289
 13   -13429.8118  0.2044
 14   -13429.8374  0.1864
 15   -13429.8470  0.1892

VCNEB Calcualtion Step    1

Image  Energy-(eV)  Dist 
  1   -13429.8470  0.0000
  2   -13429.8399  0.1245
  3   -13429.8179  0.1343
  4   -13429.7810  0.1491
  5   -13429.7255  0.1589
  6   -13429.6668  0.1637
  7   -13429.6261  0.1745
  8   -13429.6225  0.1994
  9   -13429.6337  0.1722
 10   -13429.6669  0.2214
 11   -13429.7199  0.2415
 12   -13429.7740  0.2291
 13   -13429.8119  0.2045
 14   -13429.8374  0.1862
 15   -13429.8470  0.1891

VCNEB Calcualtion Step    2

Image  Energy-(eV)  Dist 
  1   -13429.8470  0.0000
  2   -13429.8400  0.1244
  3   -13429.8179  0.1344
  4   -13429.7810  0.1492
  5   -13429.7255  0.1591
  6   -13429.6668  0.1639
  7   -13429.6261  0.1746
  8   -13429.6225  0.1994
  9   -13429.6337  0.1725
 10   -13429.6671  0.2213
 11   -13429.7201  0.2414
 12   -13429.7741  0.2291
 13   -13429.8120  0.2044
 14   -13429.8375  0.1860
 15   -13429.8470  0.1888

VCNEB Calcualtion Step    3

Image  Energy-(eV)  Dist 
  1   -13429.8470  0.0000
  2   -13429.8400  0.1243
  3   -13429.8180  0.1344
  4   -13429.7811  0.1493
  5   -13429.7256  0.1593
  6   -13429.6668  0.1641
  7   -13429.6261  0.1747
  8   -13429.6225  0.1994
  9   -13429.6338  0.1728
 10   -13429.6672  0.2213
 11   -13429.7202  0.2413
 12   -13429.7742  0.2291
 13   -13429.8120  0.2043
 14   -13429.8375  0.1857
 15   -13429.8470  0.1886

VCNEB Calcualtion Step    4

Image  Energy-(eV)  Dist 
  1   -13429.8470  0.0000
  2   -13429.8401  0.1242
  3   -13429.8181  0.1344
  4   -13429.7812  0.1494
  5   -13429.7256  0.1594
  6   -13429.6668  0.1642
  7   -13429.6261  0.1748
  8   -13429.6225  0.1994
  9   -13429.6339  0.1731
 10   -13429.6674  0.2212
 11   -13429.7204  0.2412
 12   -13429.7743  0.2291
 13   -13429.8121  0.2042
 14   -13429.8375  0.1854
 15   -13429.8470  0.1884

VCNEB Calcualtion Step    5

Image  Energy-(eV)  Dist 
  1   -13429.8470  0.0000
  2   -13429.8401  0.1241
  3   -13429.8181  0.1344
  4   -13429.7812  0.1495
  5   -13429.7256  0.1596
  6   -13429.6668  0.1644
  7   -13429.6261  0.1749
  8   -13429.6225  0.1994
  9   -13429.6340  0.1734
 10   -13429.6675  0.2211
 11   -13429.7205  0.2411
 12   -13429.7745  0.2290
 13   -13429.8122  0.2041
 14   -13429.8375  0.1852
 15   -13429.8470  0.1882

VCNEB Calcualtion Step    6

Image  Energy-(eV)  Dist 
  1   -13429.8470  0.0000
  2   -13429.8402  0.1240
  3   -13429.8182  0.1344
  4   -13429.7813  0.1496
  5   -13429.7257  0.1598
  6   -13429.6667  0.1646
  7   -13429.6261  0.1750
  8   -13429.6225  0.1994
  9   -13429.6341  0.1738
 10   -13429.6676  0.2211
 11   -13429.7206  0.2410
 12   -13429.7746  0.2290
 13   -13429.8123  0.2040
 14   -13429.8376  0.1849
 15   -13429.8470  0.1880

VCNEB Calcualtion Step    7

Image  Energy-(eV)  Dist 
  1   -13429.8470  0.0000
  2   -13429.8402  0.1240
  3   -13429.8183  0.1344
  4   -13429.7814  0.1497
  5   -13429.7257  0.1599
  6   -13429.6667  0.1648
  7   -13429.6261  0.1751
  8   -13429.6225  0.1994
  9   -13429.6342  0.1741
 10   -13429.6678  0.2210
 11   -13429.7208  0.2409
 12   -13429.7747  0.2290
 13   -13429.8124  0.2038
 14   -13429.8376  0.1847
 15   -13429.8470  0.1877

VCNEB Calcualtion Step    8

Image  Energy-(eV)  Dist 
  1   -13429.8470  0.0000
  2   -13429.8402  0.1239
  3   -13429.8183  0.1344
  4   -13429.7814  0.1497
  5   -13429.7258  0.1601
  6   -13429.6667  0.1650
  7   -13429.6260  0.1753
  8   -13429.6226  0.1994
  9   -13429.6343  0.1744
 10   -13429.6679  0.2210
 11   -13429.7209  0.2408
 12   -13429.7749  0.2289
 13   -13429.8124  0.2037
 14   -13429.8376  0.1844
 15   -13429.8470  0.1875

VCNEB Calcualtion Step    9

Image  Energy-(eV)  Dist 
  1   -13429.8470  0.0000
  2   -13429.8403  0.1238
  3   -13429.8184  0.1344
  4   -13429.7815  0.1498
  5   -13429.7258  0.1602
  6   -13429.6667  0.1651
  7   -13429.6260  0.1754
  8   -13429.6226  0.1995
  9   -13429.6344  0.1747
 10   -13429.6681  0.2209
 11   -13429.7211  0.2407
 12   -13429.7750  0.2289
 13   -13429.8125  0.2036
 14   -13429.8376  0.1842
 15   -13429.8470  0.1873

VCNEB Calcualtion Step   10

Image  Energy-(eV)  Dist 
  1   -13429.8470  0.0000
  2   -13429.8403  0.1238
  3   -13429.8185  0.1344
  4   -13429.7816  0.1499
  5   -13429.7259  0.1604
  6   -13429.6667  0.1653
  7   -13429.6260  0.1755
  8   -13429.6226  0.1995
  9   -13429.6344  0.1751
 10   -13429.6682  0.2209
 11   -13429.7212  0.2406
 12   -13429.7751  0.2288
 13   -13429.8126  0.2035
 14   -13429.8376  0.1840
 15   -13429.8470  0.1871

VCNEB Calcualtion Step   11

Image  Energy-(eV)  Dist 
  1   -13429.8470  0.0000
  2   -13429.8403  0.1237
  3   -13429.8185  0.1344
  4   -13429.7817  0.1500
  5   -13429.7259  0.1606
  6   -13429.6667  0.1655
  7   -13429.6260  0.1756
  8   -13429.6226  0.1995
  9   -13429.6345  0.1754
 10   -13429.6684  0.2209
 11   -13429.7214  0.2405
 12   -13429.7752  0.2288
 13   -13429.8127  0.2034
 14   -13429.8377  0.1837
 15   -13429.8470  0.1868

VCNEB Calcualtion Step   12

Image  Energy-(eV)  Dist 
  1   -13429.8470  0.0000
  2   -13429.8404  0.1237
  3   -13429.8186  0.1344
  4   -13429.7817  0.1501
  5   -13429.7260  0.1607
  6   -13429.6667  0.1657
  7   -13429.6260  0.1757
  8   -13429.6226  0.1995
  9   -13429.6346  0.1757
 10   -13429.6685  0.2208
 11   -13429.7215  0.2404
 12   -13429.7754  0.2287
 13   -13429.8128  0.2033
 14   -13429.8377  0.1835
 15   -13429.8470  0.1866

VCNEB Calcualtion Step   13

Image  Energy-(eV)  Dist 
  1   -13429.8470  0.0000
  2   -13429.8404  0.1237
  3   -13429.8187  0.1344
  4   -13429.7818  0.1502
  5   -13429.7260  0.1609
  6   -13429.6666  0.1658
  7   -13429.6260  0.1758
  8   -13429.6226  0.1996
  9   -13429.6347  0.1761
 10   -13429.6687  0.2208
 11   -13429.7217  0.2403
 12   -13429.7755  0.2286
 13   -13429.8128  0.2031
 14   -13429.8377  0.1833
 15   -13429.8470  0.1864

VCNEB Calcualtion Step   14

Image  Energy-(eV)  Dist 
  1   -13429.8470  0.0000
  2   -13429.8405  0.1236
  3   -13429.8187  0.1344
  4   -13429.7819  0.1502
  5   -13429.7261  0.1610
  6   -13429.6666  0.1660
  7   -13429.6260  0.1759
  8   -13429.6226  0.1996
  9   -13429.6348  0.1764
 10   -13429.6688  0.2208
 11   -13429.7218  0.2402
 12   -13429.7756  0.2286
 13   -13429.8129  0.2030
 14   -13429.8377  0.1831
 15   -13429.8470  0.1862

VCNEB Calcualtion Step   15

Image  Energy-(eV)  Dist 
  1   -13429.8470  0.0000
  2   -13429.8405  0.1236
  3   -13429.8188  0.1344
  4   -13429.7820  0.1503
  5   -13429.7261  0.1612
  6   -13429.6666  0.1662
  7   -13429.6259  0.1760
  8   -13429.6226  0.1997
  9   -13429.6349  0.1767
 10   -13429.6690  0.2208
 11   -13429.7220  0.2401
 12   -13429.7757  0.2285
 13   -13429.8130  0.2029
 14   -13429.8378  0.1829
 15   -13429.8470  0.1859

VCNEB Calcualtion Step   16

Image  Energy-(eV)  Dist 
  1   -13429.8470  0.0000
  2   -13429.8405  0.1236
  3   -13429.8189  0.1343
  4   -13429.7821  0.1504
  5   -13429.7262  0.1613
  6   -13429.6666  0.1663
  7   -13429.6259  0.1761
  8   -13429.6227  0.1997
  9   -13429.6349  0.1770
 10   -13429.6691  0.2208
 11   -13429.7221  0.2400
 12   -13429.7759  0.2284
 13   -13429.8131  0.2028
 14   -13429.8378  0.1826
 15   -13429.8470  0.1857

VCNEB Calcualtion Step   17

Image  Energy-(eV)  Dist 
  1   -13429.8470  0.0000
  2   -13429.8406  0.1236
  3   -13429.8189  0.1343
  4   -13429.7821  0.1505
  5   -13429.7262  0.1615
  6   -13429.6666  0.1665
  7   -13429.6259  0.1763
  8   -13429.6227  0.1998
  9   -13429.6350  0.1774
 10   -13429.6693  0.2208
 11   -13429.7223  0.2399
 12   -13429.7760  0.2284
 13   -13429.8131  0.2026
 14   -13429.8378  0.1824
 15   -13429.8470  0.1855

VCNEB Calcualtion Step   18

Image  Energy-(eV)  Dist 
  1   -13429.8470  0.0000
  2   -13429.8406  0.1236
  3   -13429.8190  0.1343
  4   -13429.7822  0.1505
  5   -13429.7263  0.1616
  6   -13429.6666  0.1667
  7   -13429.6259  0.1764
  8   -13429.6227  0.1998
  9   -13429.6351  0.1777
 10   -13429.6694  0.2208
 11   -13429.7224  0.2398
 12   -13429.7761  0.2283
 13   -13429.8132  0.2025
 14   -13429.8378  0.1822
 15   -13429.8470  0.1852

VCNEB Calcualtion Step   19

Image  Energy-(eV)  Dist 
  1   -13429.8470  0.0000
  2   -13429.8407  0.1236
  3   -13429.8191  0.1343
  4   -13429.7823  0.1506
  5   -13429.7263  0.1617
  6   -13429.6666  0.1668
  7   -13429.6259  0.1765
  8   -13429.6227  0.1999
  9   -13429.6352  0.1780
 10   -13429.6696  0.2208
 11   -13429.7226  0.2398
 12   -13429.7762  0.2282
 13   -13429.8133  0.2024
 14   -13429.8379  0.1820
 15   -13429.8470  0.1850

VCNEB Calcualtion Step   20

Image  Energy-(eV)  Dist 
  1   -13429.8470  0.0000
  2   -13429.8407  0.1236
  3   -13429.8192  0.1343
  4   -13429.7824  0.1507
  5   -13429.7264  0.1619
  6   -13429.6666  0.1670
  7   -13429.6259  0.1766
  8   -13429.6227  0.2000
  9   -13429.6353  0.1783
 10   -13429.6697  0.2208
 11   -13429.7228  0.2397
 12   -13429.7764  0.2281
 13   -13429.8134  0.2023
 14   -13429.8379  0.1818
 15   -13429.8470  0.1848

VCNEB Calcualtion Step   21

Image  Energy-(eV)  Dist 
  1   -13429.8470  0.0000
  2   -13429.8407  0.1236
  3   -13429.8192  0.1342
  4   -13429.7825  0.1508
  5   -13429.7264  0.1620
  6   -13429.6666  0.1672
  7   -13429.6259  0.1767
  8   -13429.6227  0.2000
  9   -13429.6354  0.1786
 10   -13429.6699  0.2208
 11   -13429.7229  0.2396
 12   -13429.7765  0.2281
 13   -13429.8134  0.2021
 14   -13429.8379  0.1816
 15   -13429.8470  0.1846

VCNEB Calcualtion Step   22

Image  Energy-(eV)  Dist 
  1   -13429.8470  0.0000
  2   -13429.8408  0.1236
  3   -13429.8193  0.1342
  4   -13429.7825  0.1508
  5   -13429.7265  0.1622
  6   -13429.6666  0.1673
  7   -13429.6258  0.1768
  8   -13429.6227  0.2001
  9   -13429.6355  0.1789
 10   -13429.6700  0.2209
 11   -13429.7231  0.2395
 12   -13429.7766  0.2280
 13   -13429.8135  0.2020
 14   -13429.8379  0.1814
 15   -13429.8470  0.1843

VCNEB Calcualtion Step   23

Image  Energy-(eV)  Dist 
  1   -13429.8470  0.0000
  2   -13429.8408  0.1236
  3   -13429.8194  0.1342
  4   -13429.7826  0.1509
  5   -13429.7265  0.1623
  6   -13429.6666  0.1675
  7   -13429.6258  0.1769
  8   -13429.6227  0.2002
  9   -13429.6355  0.1792
 10   -13429.6702  0.2209
 11   -13429.7232  0.2394
 12   -13429.7768  0.2279
 13   -13429.8136  0.2019
 14   -13429.8380  0.1812
 15   -13429.8470  0.1841

VCNEB Calcualtion Step   24

Image  Energy-(eV)  Dist 
  1   -13429.8470  0.0000
  2   -13429.8409  0.1236
  3   -13429.8194  0.1342
  4   -13429.7827  0.1510
  5   -13429.7266  0.1625
  6   -13429.6665  0.1677
  7   -13429.6258  0.1770
  8   -13429.6228  0.2003
  9   -13429.6356  0.1795
 10   -13429.6703  0.2209
 11   -13429.7234  0.2393
 12   -13429.7769  0.2278
 13   -13429.8137  0.2017
 14   -13429.8380  0.1810
 15   -13429.8470  0.1839

VCNEB Calcualtion Step   25

Image  Energy-(eV)  Dist 
  1   -13429.8470  0.0000
  2   -13429.8409  0.1236
  3   -13429.8195  0.1342
  4   -13429.7828  0.1510
  5   -13429.7266  0.1626
  6   -13429.6665  0.1678
  7   -13429.6258  0.1772
  8   -13429.6228  0.2003
  9   -13429.6357  0.1798
 10   -13429.6705  0.2210
 11   -13429.7236  0.2392
 12   -13429.7770  0.2277
 13   -13429.8137  0.2016
 14   -13429.8380  0.1808
 15   -13429.8470  0.1837

VCNEB Calcualtion Step   26

Image  Energy-(eV)  Dist 
  1   -13429.8470  0.0000
  2   -13429.8409  0.1236
  3   -13429.8196  0.1341
  4   -13429.7829  0.1511
  5   -13429.7267  0.1627
  6   -13429.6665  0.1680
  7   -13429.6258  0.1773
  8   -13429.6228  0.2004
  9   -13429.6358  0.1801
 10   -13429.6706  0.2210
 11   -13429.7237  0.2391
 12   -13429.7771  0.2276
 13   -13429.8138  0.2015
 14   -13429.8380  0.1806
 15   -13429.8470  0.1834

VCNEB Calcualtion Step   27

Image  Energy-(eV)  Dist 
  1   -13429.8470  0.0000
  2   -13429.8410  0.1236
  3   -13429.8196  0.1341
  4   -13429.7830  0.1512
  5   -13429.7267  0.1629
  6   -13429.6665  0.1681
  7   -13429.6258  0.1774
  8   -13429.6228  0.2005
  9   -13429.6359  0.1804
 10   -13429.6708  0.2210
 11   -13429.7239  0.2391
 12   -13429.7773  0.2275
 13   -13429.8139  0.2013
 14   -13429.8380  0.1804
 15   -13429.8470  0.1832

VCNEB Calcualtion Step   28

Image  Energy-(eV)  Dist 
  1   -13429.8470  0.0000
  2   -13429.8410  0.1236
  3   -13429.8197  0.1341
  4   -13429.7831  0.1512
  5   -13429.7268  0.1630
  6   -13429.6665  0.1683
  7   -13429.6258  0.1775
  8   -13429.6228  0.2006
  9   -13429.6360  0.1807
 10   -13429.6709  0.2211
 11   -13429.7240  0.2390
 12   -13429.7774  0.2274
 13   -13429.8140  0.2012
 14   -13429.8381  0.1802
 15   -13429.8470  0.1830

VCNEB Calcualtion Step   29

Image  Energy-(eV)  Dist 
  1   -13429.8470  0.0000
  2   -13429.8411  0.1237
  3   -13429.8198  0.1341
  4   -13429.7831  0.1513
  5   -13429.7268  0.1632
  6   -13429.6665  0.1685
  7   -13429.6257  0.1776
  8   -13429.6228  0.2007
  9   -13429.6360  0.1810
 10   -13429.6711  0.2211
 11   -13429.7242  0.2389
 12   -13429.7775  0.2273
 13   -13429.8140  0.2010
 14   -13429.8381  0.1800
 15   -13429.8470  0.1828

VCNEB Calcualtion Step   30

Image  Energy-(eV)  Dist 
  1   -13429.8470  0.0000
  2   -13429.8411  0.1237
  3   -13429.8199  0.1340
  4   -13429.7832  0.1513
  5   -13429.7269  0.1633
  6   -13429.6665  0.1686
  7   -13429.6257  0.1777
  8   -13429.6228  0.2008
  9   -13429.6361  0.1813
 10   -13429.6712  0.2212
 11   -13429.7244  0.2388
 12   -13429.7777  0.2272
 13   -13429.8141  0.2009
 14   -13429.8381  0.1798
 15   -13429.8470  0.1826

VCNEB Calcualtion Step   31

Image  Energy-(eV)  Dist 
  1   -13429.8470  0.0000
  2   -13429.8411  0.1237
  3   -13429.8199  0.1340
  4   -13429.7833  0.1514
  5   -13429.7269  0.1634
  6   -13429.6665  0.1688
  7   -13429.6257  0.1778
  8   -13429.6229  0.2009
  9   -13429.6362  0.1816
 10   -13429.6714  0.2212
 11   -13429.7245  0.2387
 12   -13429.7778  0.2271
 13   -13429.8142  0.2008
 14   -13429.8381  0.1797
 15   -13429.8470  0.1823

VCNEB Calcualtion Step   32

Image  Energy-(eV)  Dist 
  1   -13429.8470  0.0000
  2   -13429.8412  0.1237
  3   -13429.8200  0.1340
  4   -13429.7834  0.1515
  5   -13429.7270  0.1636
  6   -13429.6665  0.1689
  7   -13429.6257  0.1779
  8   -13429.6229  0.2009
  9   -13429.6363  0.1819
 10   -13429.6715  0.2213
 11   -13429.7247  0.2387
 12   -13429.7779  0.2270
 13   -13429.8142  0.2006
 14   -13429.8382  0.1795
 15   -13429.8470  0.1821

VCNEB Calcualtion Step   33

Image  Energy-(eV)  Dist 
  1   -13429.8470  0.0000
  2   -13429.8412  0.1238
  3   -13429.8201  0.1340
  4   -13429.7835  0.1515
  5   -13429.7270  0.1637
  6   -13429.6665  0.1691
  7   -13429.6257  0.1781
  8   -13429.6229  0.2010
  9   -13429.6364  0.1821
 10   -13429.6717  0.2213
 11   -13429.7248  0.2386
 12   -13429.7780  0.2269
 13   -13429.8143  0.2005
 14   -13429.8382  0.1793
 15   -13429.8470  0.1819

VCNEB Calcualtion Step   34

Image  Energy-(eV)  Dist 
  1   -13429.8470  0.0000
  2   -13429.8412  0.1238
  3   -13429.8202  0.1339
  4   -13429.7836  0.1516
  5   -13429.7271  0.1638
  6   -13429.6665  0.1693
  7   -13429.6257  0.1782
  8   -13429.6229  0.2011
  9   -13429.6364  0.1824
 10   -13429.6718  0.2214
 11   -13429.7250  0.2385
 12   -13429.7782  0.2268
 13   -13429.8144  0.2003
 14   -13429.8382  0.1791
 15   -13429.8470  0.1817

VCNEB Calcualtion Step   35

Image  Energy-(eV)  Dist 
  1   -13429.8470  0.0000
  2   -13429.8413  0.1238
  3   -13429.8202  0.1339
  4   -13429.7837  0.1516
  5   -13429.7271  0.1640
  6   -13429.6665  0.1694
  7   -13429.6257  0.1783
  8   -13429.6229  0.2012
  9   -13429.6365  0.1827
 10   -13429.6720  0.2215
 11   -13429.7252  0.2384
 12   -13429.7783  0.2267
 13   -13429.8144  0.2002
 14   -13429.8382  0.1789
 15   -13429.8470  0.1815

VCNEB Calcualtion Step   36

Image  Energy-(eV)  Dist 
  1   -13429.8470  0.0000
  2   -13429.8413  0.1239
  3   -13429.8203  0.1339
  4   -13429.7837  0.1517
  5   -13429.7272  0.1641
  6   -13429.6665  0.1696
  7   -13429.6257  0.1784
  8   -13429.6229  0.2013
  9   -13429.6366  0.1830
 10   -13429.6721  0.2215
 11   -13429.7253  0.2384
 12   -13429.7784  0.2266
 13   -13429.8145  0.2000
 14   -13429.8382  0.1787
 15   -13429.8470  0.1812

VCNEB Calcualtion Step   37

Image  Energy-(eV)  Dist 
  1   -13429.8470  0.0000
  2   -13429.8414  0.1239
  3   -13429.8204  0.1339
  4   -13429.7838  0.1518
  5   -13429.7273  0.1642
  6   -13429.6665  0.1697
  7   -13429.6256  0.1785
  8   -13429.6229  0.2014
  9   -13429.6367  0.1833
 10   -13429.6723  0.2216
 11   -13429.7255  0.2383
 12   -13429.7785  0.2264
 13   -13429.8146  0.1999
 14   -13429.8383  0.1785
 15   -13429.8470  0.1810

VCNEB Calcualtion Step   38

Image  Energy-(eV)  Dist 
  1   -13429.8470  0.0000
  2   -13429.8414  0.1239
  3   -13429.8204  0.1339
  4   -13429.7839  0.1518
  5   -13429.7273  0.1643
  6   -13429.6665  0.1699
  7   -13429.6256  0.1786
  8   -13429.6229  0.2015
  9   -13429.6368  0.1835
 10   -13429.6724  0.2217
 11   -13429.7257  0.2382
 12   -13429.7787  0.2263
 13   -13429.8147  0.1997
 14   -13429.8383  0.1783
 15   -13429.8470  0.1808

VCNEB Calcualtion Step   39

Image  Energy-(eV)  Dist 
  1   -13429.8470  0.0000
  2   -13429.8414  0.1240
  3   -13429.8205  0.1338
  4   -13429.7840  0.1519
  5   -13429.7274  0.1645
  6   -13429.6665  0.1700
  7   -13429.6256  0.1787
  8   -13429.6230  0.2016
  9   -13429.6368  0.1838
 10   -13429.6726  0.2218
 11   -13429.7258  0.2382
 12   -13429.7788  0.2262
 13   -13429.8147  0.1996
 14   -13429.8383  0.1782
 15   -13429.8470  0.1806

VCNEB Calcualtion Step   40

Image  Energy-(eV)  Dist 
  1   -13429.8470  0.0000
  2   -13429.8415  0.1240
  3   -13429.8206  0.1338
  4   -13429.7841  0.1519
  5   -13429.7274  0.1646
  6   -13429.6665  0.1702
  7   -13429.6256  0.1789
  8   -13429.6230  0.2017
  9   -13429.6369  0.1841
 10   -13429.6727  0.2218
 11   -13429.7260  0.2381
 12   -13429.7789  0.2261
 13   -13429.8148  0.1994
 14   -13429.8383  0.1780
 15   -13429.8470  0.1804

VCNEB Calcualtion Step   41

Image  Energy-(eV)  Dist 
  1   -13429.8470  0.0000
  2   -13429.8415  0.1240
  3   -13429.8206  0.1338
  4   -13429.7842  0.1520
  5   -13429.7275  0.1647
  6   -13429.6664  0.1703
  7   -13429.6256  0.1790
  8   -13429.6230  0.2018
  9   -13429.6370  0.1844
 10   -13429.6729  0.2219
 11   -13429.7261  0.2380
 12   -13429.7790  0.2260
 13   -13429.8149  0.1993
 14   -13429.8383  0.1778
 15   -13429.8470  0.1802

VCNEB Calcualtion Step   42

Image  Energy-(eV)  Dist 
  1   -13429.8470  0.0000
  2   -13429.8415  0.1241
  3   -13429.8207  0.1338
  4   -13429.7843  0.1520
  5   -13429.7275  0.1649
  6   -13429.6664  0.1705
  7   -13429.6256  0.1791
  8   -13429.6230  0.2019
  9   -13429.6371  0.1846
 10   -13429.6730  0.2220
 11   -13429.7263  0.2380
 12   -13429.7792  0.2259
 13   -13429.8149  0.1991
 14   -13429.8384  0.1776
 15   -13429.8470  0.1800

VCNEB Calcualtion Step   43

Image  Energy-(eV)  Dist 
  1   -13429.8470  0.0000
  2   -13429.8416  0.1241
  3   -13429.8208  0.1338
  4   -13429.7843  0.1521
  5   -13429.7276  0.1650
  6   -13429.6664  0.1706
  7   -13429.6256  0.1792
  8   -13429.6230  0.2021
  9   -13429.6371  0.1849
 10   -13429.6732  0.2221
 11   -13429.7265  0.2379
 12   -13429.7793  0.2257
 13   -13429.8150  0.1990
 14   -13429.8384  0.1774
 15   -13429.8470  0.1798

VCNEB Calcualtion Step   44

Image  Energy-(eV)  Dist 
  1   -13429.8470  0.0000
  2   -13429.8416  0.1242
  3   -13429.8209  0.1337
  4   -13429.7844  0.1521
  5   -13429.7276  0.1651
  6   -13429.6664  0.1708
  7   -13429.6256  0.1793
  8   -13429.6230  0.2022
  9   -13429.6372  0.1852
 10   -13429.6734  0.2222
 11   -13429.7266  0.2379
 12   -13429.7794  0.2256
 13   -13429.8151  0.1988
 14   -13429.8384  0.1772
 15   -13429.8470  0.1795

VCNEB Calcualtion Step   45

Image  Energy-(eV)  Dist 
  1   -13429.8470  0.0000
  2   -13429.8417  0.1242
  3   -13429.8209  0.1337
  4   -13429.7845  0.1522
  5   -13429.7277  0.1652
  6   -13429.6664  0.1709
  7   -13429.6255  0.1795
  8   -13429.6230  0.2023
  9   -13429.6373  0.1855
 10   -13429.6735  0.2223
 11   -13429.7268  0.2378
 12   -13429.7795  0.2255
 13   -13429.8151  0.1987
 14   -13429.8384  0.1771
 15   -13429.8470  0.1793

VCNEB Calcualtion Step   46

Image  Energy-(eV)  Dist 
  1   -13429.8470  0.0000
  2   -13429.8417  0.1242
  3   -13429.8210  0.1337
  4   -13429.7846  0.1522
  5   -13429.7277  0.1654
  6   -13429.6664  0.1711
  7   -13429.6255  0.1796
  8   -13429.6230  0.2024
  9   -13429.6374  0.1857
 10   -13429.6737  0.2223
 11   -13429.7270  0.2377
 12   -13429.7797  0.2254
 13   -13429.8152  0.1985
 14   -13429.8385  0.1769
 15   -13429.8470  0.1791

VCNEB Calcualtion Step   47

Image  Energy-(eV)  Dist 
  1   -13429.8470  0.0000
  2   -13429.8417  0.1243
  3   -13429.8211  0.1337
  4   -13429.7847  0.1523
  5   -13429.7278  0.1655
  6   -13429.6664  0.1712
  7   -13429.6255  0.1797
  8   -13429.6231  0.2025
  9   -13429.6375  0.1860
 10   -13429.6738  0.2224
 11   -13429.7271  0.2377
 12   -13429.7798  0.2253
 13   -13429.8153  0.1984
 14   -13429.8385  0.1767
 15   -13429.8470  0.1789

VCNEB Calcualtion Step   48

Image  Energy-(eV)  Dist 
  1   -13429.8470  0.0000
  2   -13429.8418  0.1243
  3   -13429.8211  0.1337
  4   -13429.7848  0.1523
  5   -13429.7278  0.1656
  6   -13429.6664  0.1714
  7   -13429.6255  0.1798
  8   -13429.6231  0.2026
  9   -13429.6375  0.1863
 10   -13429.6740  0.2225
 11   -13429.7273  0.2376
 12   -13429.7799  0.2251
 13   -13429.8153  0.1982
 14   -13429.8385  0.1765
 15   -13429.8470  0.1787

VCNEB Calcualtion Step   49

Image  Energy-(eV)  Dist 
  1   -13429.8470  0.0000
  2   -13429.8418  0.1244
  3   -13429.8212  0.1337
  4   -13429.7849  0.1524
  5   -13429.7279  0.1657
  6   -13429.6664  0.1715
  7   -13429.6255  0.1799
  8   -13429.6231  0.2027
  9   -13429.6376  0.1865
 10   -13429.6741  0.2226
 11   -13429.7275  0.2376
 12   -13429.7800  0.2250
 13   -13429.8154  0.1981
 14   -13429.8385  0.1763
 15   -13429.8470  0.1785

VCNEB Calcualtion Step   50

Image  Energy-(eV)  Dist 
  1   -13429.8470  0.0000
  2   -13429.8419  0.1244
  3   -13429.8213  0.1336
  4   -13429.7849  0.1524
  5   -13429.7279  0.1659
  6   -13429.6664  0.1717
  7   -13429.6255  0.1800
  8   -13429.6231  0.2028
  9   -13429.6377  0.1868
 10   -13429.6743  0.2227
 11   -13429.7276  0.2375
 12   -13429.7802  0.2249
 13   -13429.8155  0.1979
 14   -13429.8385  0.1761
 15   -13429.8470  0.1783

VCNEB Calcualtion Step   51

Image  Energy-(eV)  Dist 
  1   -13429.8470  0.0000
  2   -13429.8419  0.1245
  3   -13429.8213  0.1336
  4   -13429.7850  0.1525
  5   -13429.7280  0.1660
  6   -13429.6664  0.1718
  7   -13429.6255  0.1802
  8   -13429.6231  0.2029
  9   -13429.6378  0.1870
 10   -13429.6744  0.2228
 11   -13429.7278  0.2374
 12   -13429.7803  0.2248
 13   -13429.8155  0.1978
 14   -13429.8386  0.1759
 15   -13429.8470  0.1781

VCNEB Calcualtion Step   52

Image  Energy-(eV)  Dist 
  1   -13429.8470  0.0000
  2   -13429.8419  0.1245
  3   -13429.8214  0.1336
  4   -13429.7851  0.1525
  5   -13429.7281  0.1661
  6   -13429.6664  0.1719
  7   -13429.6255  0.1803
  8   -13429.6231  0.2031
  9   -13429.6378  0.1873
 10   -13429.6746  0.2229
 11   -13429.7280  0.2374
 12   -13429.7804  0.2247
 13   -13429.8156  0.1976
 14   -13429.8386  0.1758
 15   -13429.8470  0.1779

VCNEB Calcualtion Step   53

Image  Energy-(eV)  Dist 
  1   -13429.8470  0.0000
  2   -13429.8420  0.1246
  3   -13429.8215  0.1336
  4   -13429.7852  0.1526
  5   -13429.7281  0.1662
  6   -13429.6664  0.1721
  7   -13429.6255  0.1804
  8   -13429.6231  0.2032
  9   -13429.6379  0.1876
 10   -13429.6747  0.2230
 11   -13429.7281  0.2373
 12   -13429.7805  0.2245
 13   -13429.8157  0.1975
 14   -13429.8386  0.1756
 15   -13429.8470  0.1777

VCNEB Calcualtion Step   54

Image  Energy-(eV)  Dist 
  1   -13429.8470  0.0000
  2   -13429.8420  0.1246
  3   -13429.8216  0.1336
  4   -13429.7853  0.1526
  5   -13429.7282  0.1663
  6   -13429.6664  0.1722
  7   -13429.6254  0.1805
  8   -13429.6232  0.2033
  9   -13429.6380  0.1878
 10   -13429.6749  0.2231
 11   -13429.7283  0.2373
 12   -13429.7807  0.2244
 13   -13429.8157  0.1973
 14   -13429.8386  0.1754
 15   -13429.8470  0.1775

VCNEB Calcualtion Step   55

Image  Energy-(eV)  Dist 
  1   -13429.8470  0.0000
  2   -13429.8420  0.1247
  3   -13429.8216  0.1336
  4   -13429.7854  0.1527
  5   -13429.7282  0.1665
  6   -13429.6664  0.1724
  7   -13429.6254  0.1806
  8   -13429.6232  0.2034
  9   -13429.6381  0.1881
 10   -13429.6750  0.2232
 11   -13429.7284  0.2372
 12   -13429.7808  0.2243
 13   -13429.8158  0.1972
 14   -13429.8386  0.1752
 15   -13429.8470  0.1773

VCNEB Calcualtion Step   56

Image  Energy-(eV)  Dist 
  1   -13429.8470  0.0000
  2   -13429.8421  0.1247
  3   -13429.8217  0.1336
  4   -13429.7855  0.1527
  5   -13429.7283  0.1666
  6   -13429.6664  0.1725
  7   -13429.6254  0.1808
  8   -13429.6232  0.2036
  9   -13429.6382  0.1883
 10   -13429.6752  0.2233
 11   -13429.7286  0.2372
 12   -13429.7809  0.2242
 13   -13429.8159  0.1970
 14   -13429.8387  0.1750
 15   -13429.8470  0.1771

VCNEB Calcualtion Step   57

Image  Energy-(eV)  Dist 
  1   -13429.8470  0.0000
  2   -13429.8421  0.1248
  3   -13429.8218  0.1336
  4   -13429.7855  0.1528
  5   -13429.7283  0.1667
  6   -13429.6664  0.1727
  7   -13429.6254  0.1809
  8   -13429.6232  0.2037
  9   -13429.6382  0.1885
 10   -13429.6753  0.2234
 11   -13429.7288  0.2371
 12   -13429.7810  0.2240
 13   -13429.8159  0.1969
 14   -13429.8387  0.1749
 15   -13429.8470  0.1768

VCNEB Calcualtion Step   58

Image  Energy-(eV)  Dist 
  1   -13429.8470  0.0000
  2   -13429.8421  0.1248
  3   -13429.8218  0.1335
  4   -13429.7856  0.1528
  5   -13429.7284  0.1668
  6   -13429.6664  0.1728
  7   -13429.6254  0.1810
  8   -13429.6232  0.2038
  9   -13429.6383  0.1888
 10   -13429.6755  0.2235
 11   -13429.7289  0.2371
 12   -13429.7811  0.2239
 13   -13429.8160  0.1967
 14   -13429.8387  0.1747
 15   -13429.8470  0.1766

VCNEB Calcualtion Step   59

Image  Energy-(eV)  Dist 
  1   -13429.8470  0.0000
  2   -13429.8422  0.1249
  3   -13429.8219  0.1335
  4   -13429.7857  0.1529
  5   -13429.7284  0.1669
  6   -13429.6664  0.1729
  7   -13429.6254  0.1811
  8   -13429.6232  0.2039
  9   -13429.6384  0.1890
 10   -13429.6756  0.2236
 11   -13429.7291  0.2371
 12   -13429.7813  0.2238
 13   -13429.8161  0.1966
 14   -13429.8387  0.1745
 15   -13429.8470  0.1764

VCNEB Calcualtion Step   60

Image  Energy-(eV)  Dist 
  1   -13429.8470  0.0000
  2   -13429.8422  0.1249
  3   -13429.8220  0.1335
  4   -13429.7858  0.1529
  5   -13429.7285  0.1671
  6   -13429.6664  0.1731
  7   -13429.6254  0.1812
  8   -13429.6232  0.2041
  9   -13429.6385  0.1893
 10   -13429.6758  0.2238
 11   -13429.7293  0.2370
 12   -13429.7814  0.2237
 13   -13429.8161  0.1964
 14   -13429.8387  0.1743
 15   -13429.8470  0.1762

VCNEB Calcualtion Step   61

Image  Energy-(eV)  Dist 
  1   -13429.8470  0.0000
  2   -13429.8423  0.1250
  3   -13429.8220  0.1335
  4   -13429.7859  0.1530
  5   -13429.7285  0.1672
  6   -13429.6664  0.1732
  7   -13429.6253  0.1814
  8   -13429.6233  0.2042
  9   -13429.6385  0.1895
 10   -13429.6759  0.2239
 11   -13429.7294  0.2370
 12   -13429.7815  0.2235
 13   -13429.8162  0.1962
 14   -13429.8388  0.1741
 15   -13429.8470  0.1760

VCNEB Calcualtion Step   62

Image  Energy-(eV)  Dist 
  1   -13429.8470  0.0000
  2   -13429.8423  0.1250
  3   -13429.8221  0.1335
  4   -13429.7860  0.1530
  5   -13429.7286  0.1673
  6   -13429.6664  0.1734
  7   -13429.6253  0.1815
  8   -13429.6233  0.2043
  9   -13429.6386  0.1897
 10   -13429.6761  0.2240
 11   -13429.7296  0.2369
 12   -13429.7816  0.2234
 13   -13429.8163  0.1961
 14   -13429.8388  0.1740
 15   -13429.8470  0.1758

VCNEB Calcualtion Step   63

Image  Energy-(eV)  Dist 
  1   -13429.8470  0.0000
  2   -13429.8423  0.1251
  3   -13429.8222  0.1335
  4   -13429.7860  0.1531
  5   -13429.7286  0.1674
  6   -13429.6664  0.1735
  7   -13429.6253  0.1816
  8   -13429.6233  0.2045
  9   -13429.6387  0.1900
 10   -13429.6762  0.2241
 11   -13429.7298  0.2369
 12   -13429.7818  0.2233
 13   -13429.8163  0.1959
 14   -13429.8388  0.1738
 15   -13429.8470  0.1756

VCNEB Calcualtion Step   64

Image  Energy-(eV)  Dist 
  1   -13429.8470  0.0000
  2   -13429.8424  0.1251
  3   -13429.8222  0.1335
  4   -13429.7861  0.1531
  5   -13429.7287  0.1675
  6   -13429.6664  0.1737
  7   -13429.6253  0.1817
  8   -13429.6233  0.2046
  9   -13429.6388  0.1902
 10   -13429.6764  0.2242
 11   -13429.7299  0.2368
 12   -13429.7819  0.2232
 13   -13429.8164  0.1958
 14   -13429.8388  0.1736
 15   -13429.8470  0.1754

VCNEB Calcualtion Step   65

Image  Energy-(eV)  Dist 
  1   -13429.8470  0.0000
  2   -13429.8424  0.1252
  3   -13429.8223  0.1335
  4   -13429.7862  0.1531
  5   -13429.7287  0.1676
  6   -13429.6664  0.1738
  7   -13429.6253  0.1819
  8   -13429.6233  0.2047
  9   -13429.6389  0.1904
 10   -13429.6765  0.2243
 11   -13429.7301  0.2368
 12   -13429.7820  0.2230
 13   -13429.8164  0.1956
 14   -13429.8388  0.1734
 15   -13429.8470  0.1752

VCNEB Calcualtion Step   66

Image  Energy-(eV)  Dist 
  1   -13429.8470  0.0000
  2   -13429.8424  0.1252
  3   -13429.8224  0.1335
  4   -13429.7863  0.1532
  5   -13429.7288  0.1677
  6   -13429.6664  0.1739
  7   -13429.6253  0.1820
  8   -13429.6233  0.2048
  9   -13429.6389  0.1907
 10   -13429.6767  0.2244
 11   -13429.7303  0.2368
 12   -13429.7821  0.2229
 13   -13429.8165  0.1954
 14   -13429.8389  0.1733
 15   -13429.8470  0.1750

VCNEB Calcualtion Step   67

Image  Energy-(eV)  Dist 
  1   -13429.8470  0.0000
  2   -13429.8425  0.1253
  3   -13429.8224  0.1335
  4   -13429.7864  0.1532
  5   -13429.7288  0.1679
  6   -13429.6663  0.1741
  7   -13429.6253  0.1821
  8   -13429.6233  0.2050
  9   -13429.6390  0.1909
 10   -13429.6768  0.2245
 11   -13429.7304  0.2367
 12   -13429.7823  0.2228
 13   -13429.8166  0.1953
 14   -13429.8389  0.1731
 15   -13429.8470  0.1748

VCNEB Calcualtion Step   68

Image  Energy-(eV)  Dist 
  1   -13429.8470  0.0000
  2   -13429.8425  0.1253
  3   -13429.8225  0.1335
  4   -13429.7865  0.1533
  5   -13429.7289  0.1680
  6   -13429.6663  0.1742
  7   -13429.6253  0.1823
  8   -13429.6234  0.2051
  9   -13429.6391  0.1911
 10   -13429.6770  0.2246
 11   -13429.7306  0.2367
 12   -13429.7824  0.2227
 13   -13429.8166  0.1951
 14   -13429.8389  0.1729
 15   -13429.8470  0.1746

VCNEB Calcualtion Step   69

Image  Energy-(eV)  Dist 
  1   -13429.8470  0.0000
  2   -13429.8425  0.1254
  3   -13429.8226  0.1334
  4   -13429.7865  0.1533
  5   -13429.7289  0.1681
  6   -13429.6663  0.1743
  7   -13429.6252  0.1824
  8   -13429.6234  0.2052
  9   -13429.6392  0.1914
 10   -13429.6771  0.2247
 11   -13429.7308  0.2367
 12   -13429.7825  0.2225
 13   -13429.8167  0.1949
 14   -13429.8389  0.1727
 15   -13429.8470  0.1744

VCNEB Calcualtion Step   70

Image  Energy-(eV)  Dist 
  1   -13429.8470  0.0000
  2   -13429.8426  0.1254
  3   -13429.8226  0.1334
  4   -13429.7866  0.1534
  5   -13429.7290  0.1682
  6   -13429.6663  0.1745
  7   -13429.6252  0.1825
  8   -13429.6234  0.2053
  9   -13429.6392  0.1916
 10   -13429.6773  0.2249
 11   -13429.7309  0.2366
 12   -13429.7826  0.2224
 13   -13429.8168  0.1948
 14   -13429.8389  0.1726
 15   -13429.8470  0.1742

VCNEB Calcualtion Step   71

Image  Energy-(eV)  Dist 
  1   -13429.8470  0.0000
  2   -13429.8426  0.1255
  3   -13429.8227  0.1334
  4   -13429.7867  0.1534
  5   -13429.7290  0.1683
  6   -13429.6663  0.1746
  7   -13429.6252  0.1827
  8   -13429.6234  0.2055
  9   -13429.6393  0.1918
 10   -13429.6774  0.2250
 11   -13429.7311  0.2366
 12   -13429.7827  0.2223
 13   -13429.8168  0.1946
 14   -13429.8389  0.1724
 15   -13429.8470  0.1740

VCNEB Calcualtion Step   72

Image  Energy-(eV)  Dist 
  1   -13429.8470  0.0000
  2   -13429.8426  0.1255
  3   -13429.8228  0.1334
  4   -13429.7868  0.1535
  5   -13429.7291  0.1684
  6   -13429.6663  0.1748
  7   -13429.6252  0.1828
  8   -13429.6234  0.2056
  9   -13429.6394  0.1921
 10   -13429.6776  0.2251
 11   -13429.7312  0.2365
 12   -13429.7829  0.2222
 13   -13429.8169  0.1944
 14   -13429.8390  0.1722
 15   -13429.8470  0.1738

VCNEB Calcualtion Step   73

Image  Energy-(eV)  Dist 
  1   -13429.8470  0.0000
  2   -13429.8427  0.1256
  3   -13429.8228  0.1334
  4   -13429.7869  0.1535
  5   -13429.7291  0.1685
  6   -13429.6663  0.1749
  7   -13429.6252  0.1829
  8   -13429.6234  0.2057
  9   -13429.6395  0.1923
 10   -13429.6777  0.2252
 11   -13429.7314  0.2365
 12   -13429.7830  0.2220
 13   -13429.8170  0.1943
 14   -13429.8390  0.1720
 15   -13429.8470  0.1736

VCNEB Calcualtion Step   74

Image  Energy-(eV)  Dist 
  1   -13429.8470  0.0000
  2   -13429.8427  0.1256
  3   -13429.8229  0.1334
  4   -13429.7869  0.1536
  5   -13429.7292  0.1686
  6   -13429.6663  0.1750
  7   -13429.6252  0.1831
  8   -13429.6234  0.2058
  9   -13429.6395  0.1925
 10   -13429.6779  0.2253
 11   -13429.7316  0.2365
 12   -13429.7831  0.2219
 13   -13429.8170  0.1941
 14   -13429.8390  0.1719
 15   -13429.8470  0.1734

VCNEB Calcualtion Step   75

Image  Energy-(eV)  Dist 
  1   -13429.8470  0.0000
  2   -13429.8427  0.1257
  3   -13429.8230  0.1334
  4   -13429.7870  0.1536
  5   -13429.7293  0.1687
  6   -13429.6663  0.1752
  7   -13429.6252  0.1832
  8   -13429.6235  0.2060
  9   -13429.6396  0.1927
 10   -13429.6780  0.2254
 11   -13429.7317  0.2364
 12   -13429.7832  0.2218
 13   -13429.8171  0.1940
 14   -13429.8390  0.1717
 15   -13429.8470  0.1732

VCNEB Calcualtion Step   76

Image  Energy-(eV)  Dist 
  1   -13429.8470  0.0000
  2   -13429.8428  0.1257
  3   -13429.8230  0.1334
  4   -13429.7871  0.1537
  5   -13429.7293  0.1689
  6   -13429.6663  0.1753
  7   -13429.6252  0.1833
  8   -13429.6235  0.2061
  9   -13429.6397  0.1930
 10   -13429.6782  0.2255
 11   -13429.7319  0.2364
 12   -13429.7834  0.2217
 13   -13429.8171  0.1938
 14   -13429.8390  0.1715
 15   -13429.8470  0.1731

VCNEB Calcualtion Step   77

Image  Energy-(eV)  Dist 
  1   -13429.8470  0.0000
  2   -13429.8428  0.1258
  3   -13429.8231  0.1334
  4   -13429.7872  0.1537
  5   -13429.7294  0.1690
  6   -13429.6663  0.1754
  7   -13429.6251  0.1834
  8   -13429.6235  0.2062
  9   -13429.6398  0.1932
 10   -13429.6783  0.2257
 11   -13429.7321  0.2364
 12   -13429.7835  0.2215
 13   -13429.8172  0.1936
 14   -13429.8391  0.1713
 15   -13429.8470  0.1729

VCNEB Calcualtion Step   78

Image  Energy-(eV)  Dist 
  1   -13429.8470  0.0000
  2   -13429.8428  0.1258
  3   -13429.8232  0.1334
  4   -13429.7873  0.1538
  5   -13429.7294  0.1691
  6   -13429.6663  0.1756
  7   -13429.6251  0.1836
  8   -13429.6235  0.2063
  9   -13429.6399  0.1934
 10   -13429.6785  0.2258
 11   -13429.7322  0.2363
 12   -13429.7836  0.2214
 13   -13429.8173  0.1935
 14   -13429.8391  0.1711
 15   -13429.8470  0.1727

VCNEB Calcualtion Step   79

Image  Energy-(eV)  Dist 
  1   -13429.8470  0.0000
  2   -13429.8429  0.1259
  3   -13429.8232  0.1334
  4   -13429.7873  0.1538
  5   -13429.7295  0.1692
  6   -13429.6663  0.1757
  7   -13429.6251  0.1837
  8   -13429.6235  0.2064
  9   -13429.6399  0.1936
 10   -13429.6786  0.2259
 11   -13429.7324  0.2363
 12   -13429.7837  0.2213
 13   -13429.8173  0.1933
 14   -13429.8391  0.1710
 15   -13429.8470  0.1725

VCNEB Calcualtion Step   80

Image  Energy-(eV)  Dist 
  1   -13429.8470  0.0000
  2   -13429.8429  0.1259
  3   -13429.8233  0.1334
  4   -13429.7874  0.1539
  5   -13429.7295  0.1693
  6   -13429.6663  0.1758
  7   -13429.6251  0.1838
  8   -13429.6235  0.2066
  9   -13429.6400  0.1939
 10   -13429.6787  0.2260
 11   -13429.7325  0.2363
 12   -13429.7838  0.2212
 13   -13429.8174  0.1932
 14   -13429.8391  0.1708
 15   -13429.8470  0.1723
