VCNEB Calcualtion Step   80

 Image    a        b        c      alpha    beta   gamma  
   1   3.2388   3.2388   5.2105,   90.000  90.000 120.000
   2   3.2486   3.2485   5.1626,   90.114  89.885 119.832
   3   3.2702   3.2701   5.0761,   90.219  89.780 119.771
   4   3.2993   3.2992   4.9623,   90.201  89.799 119.752
   5   3.3335   3.3335   4.8265,   90.129  89.871 119.796
   6   3.3699   3.3699   4.6799,   90.055  89.945 119.879
   7   3.4063   3.4063   4.5317,   89.998  90.002 119.976
   8   3.4130   3.4130   4.5067,   90.000  90.000 120.005
   9   3.3915   3.3915   4.5931,   89.995  90.005 119.977
  10   3.3631   3.3631   4.7095,   89.986  90.014 119.906
  11   3.3331   3.3331   4.8332,   89.976  90.024 119.838
  12   3.3053   3.3053   4.9468,   89.971  90.029 119.807
  13   3.2810   3.2810   5.0430,   89.973  90.026 119.826
  14   3.2596   3.2596   5.1275,   89.982  90.018 119.882
  15   3.2385   3.2385   5.2100,   90.000  90.000 120.000
