
VCNEB Calcualtion Step    0

Image  Energy-(eV)  Dist 
  1   -5172.2896  0.0000
  2   -5172.2414  0.1036
  3   -5172.1296  0.1036
  4   -5171.9927  0.1036
  5   -5171.8652  0.1036
  6   -5171.7855  0.1036
  7   -5171.7857  0.1036
  8   -5171.8658  0.1036
  9   -5171.9933  0.1036
 10   -5172.1301  0.1036
 11   -5172.2416  0.1036
 12   -5172.2896  0.1036

VCNEB Calcualtion Step    1

Image  Energy-(eV)  Dist 
  1   -5172.2896  0.0000
  2   -5172.2467  0.1045
  3   -5172.1440  0.1039
  4   -5172.0146  0.1035
  5   -5171.8913  0.1034
  6   -5171.8125  0.1035
  7   -5171.8124  0.1035
  8   -5171.8909  0.1035
  9   -5172.0142  0.1034
 10   -5172.1437  0.1035
 11   -5172.2466  0.1038
 12   -5172.2896  0.1044

VCNEB Calcualtion Step    2

Image  Energy-(eV)  Dist 
  1   -5172.2896  0.0000
  2   -5172.2514  0.1059
  3   -5172.1568  0.1045
  4   -5172.0342  0.1037
  5   -5171.9146  0.1034
  6   -5171.8367  0.1035
  7   -5171.8363  0.1036
  8   -5171.9136  0.1035
  9   -5172.0330  0.1034
 10   -5172.1558  0.1036
 11   -5172.2510  0.1044
 12   -5172.2896  0.1057

VCNEB Calcualtion Step    3

Image  Energy-(eV)  Dist 
  1   -5172.2896  0.0000
  2   -5172.2553  0.1077
  3   -5172.1680  0.1054
  4   -5172.0518  0.1041
  5   -5171.9358  0.1036
  6   -5171.8587  0.1037
  7   -5171.8582  0.1036
  8   -5171.9344  0.1036
  9   -5172.0500  0.1035
 10   -5172.1666  0.1040
 11   -5172.2548  0.1052
 12   -5172.2896  0.1074

VCNEB Calcualtion Step    4

Image  Energy-(eV)  Dist 
  1   -5172.2896  0.0000
  2   -5172.2588  0.1097
  3   -5172.1781  0.1064
  4   -5172.0677  0.1046
  5   -5171.9552  0.1039
  6   -5171.8789  0.1040
  7   -5171.8782  0.1037
  8   -5171.9534  0.1038
  9   -5172.0656  0.1037
 10   -5172.1763  0.1045
 11   -5172.2582  0.1063
 12   -5172.2896  0.1093

VCNEB Calcualtion Step    5

Image  Energy-(eV)  Dist 
  1   -5172.2896  0.0000
  2   -5172.2617  0.1118
  3   -5172.1870  0.1077
  4   -5172.0823  0.1053
  5   -5171.9730  0.1043
  6   -5171.8974  0.1043
  7   -5171.8967  0.1038
  8   -5171.9710  0.1041
  9   -5172.0798  0.1041
 10   -5172.1852  0.1052
 11   -5172.2611  0.1076
 12   -5172.2896  0.1111

VCNEB Calcualtion Step    6

Image  Energy-(eV)  Dist 
  1   -5172.2896  0.0000
  2   -5172.2643  0.1140
  3   -5172.1950  0.1091
  4   -5172.0956  0.1061
  5   -5171.9895  0.1048
  6   -5171.9146  0.1048
  7   -5171.9138  0.1039
  8   -5171.9874  0.1045
  9   -5172.0930  0.1046
 10   -5172.1931  0.1061
 11   -5172.2636  0.1090
 12   -5172.2896  0.1129

VCNEB Calcualtion Step    7

Image  Energy-(eV)  Dist 
  1   -5172.2896  0.0000
  2   -5172.2665  0.1162
  3   -5172.2022  0.1106
  4   -5172.1079  0.1070
  5   -5172.0047  0.1055
  6   -5171.9304  0.1053
  7   -5171.9297  0.1040
  8   -5172.0026  0.1050
  9   -5172.1052  0.1053
 10   -5172.2002  0.1071
 11   -5172.2659  0.1104
 12   -5172.2896  0.1146

VCNEB Calcualtion Step    8

Image  Energy-(eV)  Dist 
  1   -5172.2896  0.0000
  2   -5172.2685  0.1183
  3   -5172.2086  0.1122
  4   -5172.1191  0.1080
  5   -5172.0188  0.1062
  6   -5171.9451  0.1059
  7   -5171.9444  0.1042
  8   -5172.0168  0.1056
  9   -5172.1164  0.1060
 10   -5172.2066  0.1082
 11   -5172.2678  0.1119
 12   -5172.2896  0.1161

VCNEB Calcualtion Step    9

Image  Energy-(eV)  Dist 
  1   -5172.2896  0.0000
  2   -5172.2701  0.1204
  3   -5172.2144  0.1138
  4   -5172.1294  0.1091
  5   -5172.0320  0.1070
  6   -5171.9587  0.1066
  7   -5171.9582  0.1044
  8   -5172.0301  0.1063
  9   -5172.1268  0.1070
 10   -5172.2125  0.1094
 11   -5172.2695  0.1133
 12   -5172.2896  0.1176

VCNEB Calcualtion Step   10

Image  Energy-(eV)  Dist 
  1   -5172.2896  0.0000
  2   -5172.2715  0.1224
  3   -5172.2196  0.1154
  4   -5172.1390  0.1103
  5   -5172.0442  0.1079
  6   -5171.9713  0.1074
  7   -5171.9709  0.1046
  8   -5172.0425  0.1071
  9   -5172.1364  0.1080
 10   -5172.2177  0.1106
 11   -5172.2710  0.1147
 12   -5172.2896  0.1189

VCNEB Calcualtion Step   11

Image  Energy-(eV)  Dist 
  1   -5172.2896  0.0000
  2   -5172.2728  0.1243
  3   -5172.2242  0.1171
  4   -5172.1477  0.1116
  5   -5172.0555  0.1089
  6   -5171.9831  0.1082
  7   -5171.9828  0.1048
  8   -5172.0541  0.1080
  9   -5172.1453  0.1092
 10   -5172.2225  0.1119
 11   -5172.2723  0.1161
 12   -5172.2896  0.1201

VCNEB Calcualtion Step   12

Image  Energy-(eV)  Dist 
  1   -5172.2896  0.0000
  2   -5172.2738  0.1261
  3   -5172.2283  0.1188
  4   -5172.1557  0.1129
  5   -5172.0660  0.1100
  6   -5171.9939  0.1091
  7   -5171.9938  0.1050
  8   -5172.0649  0.1090
  9   -5172.1535  0.1104
 10   -5172.2267  0.1133
 11   -5172.2734  0.1174
 12   -5172.2896  0.1212

VCNEB Calcualtion Step   13

Image  Energy-(eV)  Dist 
  1   -5172.2896  0.0000
  2   -5172.2747  0.1278
  3   -5172.2320  0.1204
  4   -5172.1630  0.1143
  5   -5172.0758  0.1112
  6   -5172.0040  0.1101
  7   -5172.0041  0.1053
  8   -5172.0750  0.1101
  9   -5172.1610  0.1118
 10   -5172.2305  0.1146
 11   -5172.2744  0.1186
 12   -5172.2896  0.1222

VCNEB Calcualtion Step   14

Image  Energy-(eV)  Dist 
  1   -5172.2896  0.0000
  2   -5172.2755  0.1294
  3   -5172.2352  0.1220
  4   -5172.1697  0.1157
  5   -5172.0848  0.1124
  6   -5172.0132  0.1111
  7   -5172.0136  0.1055
  8   -5172.0844  0.1113
  9   -5172.1678  0.1133
 10   -5172.2340  0.1159
 11   -5172.2753  0.1198
 12   -5172.2896  0.1232

VCNEB Calcualtion Step   15

Image  Energy-(eV)  Dist 
  1   -5172.2896  0.0000
  2   -5172.2762  0.1309
  3   -5172.2381  0.1235
  4   -5172.1758  0.1171
  5   -5172.0931  0.1136
  6   -5172.0218  0.1122
  7   -5172.0224  0.1058
  8   -5172.0931  0.1126
  9   -5172.1741  0.1148
 10   -5172.2371  0.1173
 11   -5172.2761  0.1208
 12   -5172.2896  0.1240

VCNEB Calcualtion Step   16

Image  Energy-(eV)  Dist 
  1   -5172.2896  0.0000
  2   -5172.2768  0.1323
  3   -5172.2406  0.1250
  4   -5172.1813  0.1185
  5   -5172.1008  0.1150
  6   -5172.0297  0.1133
  7   -5172.0306  0.1061
  8   -5172.1011  0.1140
  9   -5172.1798  0.1164
 10   -5172.2398  0.1185
 11   -5172.2768  0.1218
 12   -5172.2896  0.1248

VCNEB Calcualtion Step   17

Image  Energy-(eV)  Dist 
  1   -5172.2896  0.0000
  2   -5172.2773  0.1336
  3   -5172.2429  0.1264
  4   -5172.1863  0.1199
  5   -5172.1080  0.1163
  6   -5172.0370  0.1144
  7   -5172.0381  0.1064
  8   -5172.1086  0.1154
  9   -5172.1850  0.1180
 10   -5172.2423  0.1198
 11   -5172.2774  0.1228
 12   -5172.2896  0.1255

VCNEB Calcualtion Step   18

Image  Energy-(eV)  Dist 
  1   -5172.2896  0.0000
  2   -5172.2778  0.1348
  3   -5172.2449  0.1277
  4   -5172.1908  0.1212
  5   -5172.1145  0.1177
  6   -5172.0437  0.1156
  7   -5172.0450  0.1068
  8   -5172.1155  0.1170
  9   -5172.1898  0.1197
 10   -5172.2445  0.1210
 11   -5172.2780  0.1237
 12   -5172.2896  0.1262

VCNEB Calcualtion Step   19

Image  Energy-(eV)  Dist 
  1   -5172.2896  0.0000
  2   -5172.2782  0.1360
  3   -5172.2466  0.1290
  4   -5172.1949  0.1225
  5   -5172.1205  0.1191
  6   -5172.0499  0.1169
  7   -5172.0515  0.1071
  8   -5172.1219  0.1186
  9   -5172.1941  0.1214
 10   -5172.2465  0.1221
 11   -5172.2785  0.1245
 12   -5172.2896  0.1268

VCNEB Calcualtion Step   20

Image  Energy-(eV)  Dist 
  1   -5172.2896  0.0000
  2   -5172.2786  0.1371
  3   -5172.2482  0.1302
  4   -5172.1986  0.1238
  5   -5172.1260  0.1205
  6   -5172.0556  0.1181
  7   -5172.0574  0.1075
  8   -5172.1277  0.1202
  9   -5172.1980  0.1230
 10   -5172.2483  0.1232
 11   -5172.2789  0.1252
 12   -5172.2896  0.1274

VCNEB Calcualtion Step   21

Image  Energy-(eV)  Dist 
  1   -5172.2896  0.0000
  2   -5172.2789  0.1382
  3   -5172.2496  0.1313
  4   -5172.2019  0.1250
  5   -5172.1312  0.1220
  6   -5172.0608  0.1194
  7   -5172.0628  0.1078
  8   -5172.1331  0.1219
  9   -5172.2016  0.1247
 10   -5172.2500  0.1242
 11   -5172.2794  0.1259
 12   -5172.2896  0.1279

VCNEB Calcualtion Step   22

Image  Energy-(eV)  Dist 
  1   -5172.2896  0.0000
  2   -5172.2792  0.1392
  3   -5172.2509  0.1324
  4   -5172.2048  0.1262
  5   -5172.1358  0.1234
  6   -5172.0655  0.1206
  7   -5172.0678  0.1082
  8   -5172.1382  0.1236
  9   -5172.2049  0.1264
 10   -5172.2515  0.1252
 11   -5172.2797  0.1266
 12   -5172.2896  0.1284

VCNEB Calcualtion Step   23

Image  Energy-(eV)  Dist 
  1   -5172.2896  0.0000
  2   -5172.2795  0.1401
  3   -5172.2520  0.1334
  4   -5172.2075  0.1273
  5   -5172.1401  0.1248
  6   -5172.0699  0.1219
  7   -5172.0724  0.1086
  8   -5172.1427  0.1254
  9   -5172.2078  0.1280
 10   -5172.2528  0.1261
 11   -5172.2800  0.1272
 12   -5172.2896  0.1289

VCNEB Calcualtion Step   24

Image  Energy-(eV)  Dist 
  1   -5172.2896  0.0000
  2   -5172.2798  0.1410
  3   -5172.2530  0.1343
  4   -5172.2099  0.1283
  5   -5172.1440  0.1262
  6   -5172.0739  0.1232
  7   -5172.0766  0.1090
  8   -5172.1469  0.1271
  9   -5172.2104  0.1295
 10   -5172.2540  0.1270
 11   -5172.2804  0.1278
 12   -5172.2896  0.1294

VCNEB Calcualtion Step   25

Image  Energy-(eV)  Dist 
  1   -5172.2896  0.0000
  2   -5172.2800  0.1418
  3   -5172.2539  0.1352
  4   -5172.2121  0.1293
  5   -5172.1475  0.1276
  6   -5172.0776  0.1245
  7   -5172.0804  0.1094
  8   -5172.1507  0.1289
  9   -5172.2128  0.1311
 10   -5172.2551  0.1278
 11   -5172.2806  0.1283
 12   -5172.2896  0.1298

VCNEB Calcualtion Step   26

Image  Energy-(eV)  Dist 
  1   -5172.2896  0.0000
  2   -5172.2802  0.1427
  3   -5172.2548  0.1360
  4   -5172.2140  0.1303
  5   -5172.1508  0.1289
  6   -5172.0809  0.1258
  7   -5172.0840  0.1098
  8   -5172.1542  0.1307
  9   -5172.2150  0.1325
 10   -5172.2562  0.1286
 11   -5172.2809  0.1288
 12   -5172.2896  0.1302

VCNEB Calcualtion Step   27

Image  Energy-(eV)  Dist 
  1   -5172.2896  0.0000
  2   -5172.2804  0.1434
  3   -5172.2555  0.1368
  4   -5172.2158  0.1311
  5   -5172.1538  0.1302
  6   -5172.0839  0.1271
  7   -5172.0872  0.1103
  8   -5172.1574  0.1325
  9   -5172.2170  0.1339
 10   -5172.2571  0.1293
 11   -5172.2811  0.1293
 12   -5172.2896  0.1305

VCNEB Calcualtion Step   28

Image  Energy-(eV)  Dist 
  1   -5172.2896  0.0000
  2   -5172.2806  0.1442
  3   -5172.2562  0.1376
  4   -5172.2174  0.1319
  5   -5172.1565  0.1315
  6   -5172.0867  0.1283
  7   -5172.0902  0.1107
  8   -5172.1603  0.1342
  9   -5172.2188  0.1353
 10   -5172.2579  0.1300
 11   -5172.2813  0.1298
 12   -5172.2896  0.1309

VCNEB Calcualtion Step   29

Image  Energy-(eV)  Dist 
  1   -5172.2896  0.0000
  2   -5172.2807  0.1449
  3   -5172.2568  0.1383
  4   -5172.2188  0.1327
  5   -5172.1590  0.1327
  6   -5172.0892  0.1296
  7   -5172.0929  0.1111
  8   -5172.1630  0.1359
  9   -5172.2204  0.1366
 10   -5172.2587  0.1307
 11   -5172.2815  0.1302
 12   -5172.2896  0.1312

VCNEB Calcualtion Step   30

Image  Energy-(eV)  Dist 
  1   -5172.2896  0.0000
  2   -5172.2809  0.1456
  3   -5172.2574  0.1389
  4   -5172.2201  0.1334
  5   -5172.1612  0.1338
  6   -5172.0915  0.1308
  7   -5172.0954  0.1116
  8   -5172.1654  0.1376
  9   -5172.2219  0.1378
 10   -5172.2594  0.1313
 11   -5172.2817  0.1306
 12   -5172.2896  0.1316

VCNEB Calcualtion Step   31

Image  Energy-(eV)  Dist 
  1   -5172.2896  0.0000
  2   -5172.2810  0.1462
  3   -5172.2580  0.1396
  4   -5172.2213  0.1340
  5   -5172.1633  0.1349
  6   -5172.0936  0.1320
  7   -5172.0977  0.1120
  8   -5172.1677  0.1393
  9   -5172.2233  0.1390
 10   -5172.2600  0.1319
 11   -5172.2819  0.1309
 12   -5172.2896  0.1319

VCNEB Calcualtion Step   32

Image  Energy-(eV)  Dist 
  1   -5172.2896  0.0000
  2   -5172.2812  0.1469
  3   -5172.2585  0.1401
  4   -5172.2223  0.1346
  5   -5172.1651  0.1360
  6   -5172.0955  0.1332
  7   -5172.0997  0.1125
  8   -5172.1697  0.1409
  9   -5172.2245  0.1400
 10   -5172.2606  0.1324
 11   -5172.2820  0.1313
 12   -5172.2896  0.1322

VCNEB Calcualtion Step   33

Image  Energy-(eV)  Dist 
  1   -5172.2896  0.0000
  2   -5172.2813  0.1475
  3   -5172.2590  0.1407
  4   -5172.2233  0.1352
  5   -5172.1669  0.1370
  6   -5172.0972  0.1343
  7   -5172.1016  0.1129
  8   -5172.1715  0.1425
  9   -5172.2256  0.1411
 10   -5172.2612  0.1329
 11   -5172.2822  0.1316
 12   -5172.2896  0.1324

VCNEB Calcualtion Step   34

Image  Energy-(eV)  Dist 
  1   -5172.2896  0.0000
  2   -5172.2815  0.1481
  3   -5172.2594  0.1412
  4   -5172.2243  0.1357
  5   -5172.1684  0.1379
  6   -5172.0988  0.1354
  7   -5172.1033  0.1134
  8   -5172.1732  0.1440
  9   -5172.2267  0.1421
 10   -5172.2617  0.1334
 11   -5172.2823  0.1320
 12   -5172.2896  0.1327

VCNEB Calcualtion Step   35

Image  Energy-(eV)  Dist 
  1   -5172.2896  0.0000
  2   -5172.2816  0.1486
  3   -5172.2599  0.1417
  4   -5172.2251  0.1362
  5   -5172.1699  0.1388
  6   -5172.1002  0.1365
  7   -5172.1049  0.1139
  8   -5172.1747  0.1455
  9   -5172.2276  0.1430
 10   -5172.2622  0.1339
 11   -5172.2825  0.1323
 12   -5172.2896  0.1330

VCNEB Calcualtion Step   36

Image  Energy-(eV)  Dist 
  1   -5172.2896  0.0000
  2   -5172.2817  0.1492
  3   -5172.2603  0.1422
  4   -5172.2259  0.1367
  5   -5172.1712  0.1397
  6   -5172.1015  0.1376
  7   -5172.1064  0.1144
  8   -5172.1761  0.1469
  9   -5172.2285  0.1438
 10   -5172.2626  0.1343
 11   -5172.2826  0.1326
 12   -5172.2896  0.1332

VCNEB Calcualtion Step   37

Image  Energy-(eV)  Dist 
  1   -5172.2896  0.0000
  2   -5172.2818  0.1497
  3   -5172.2607  0.1427
  4   -5172.2266  0.1371
  5   -5172.1724  0.1404
  6   -5172.1027  0.1386
  7   -5172.1077  0.1148
  8   -5172.1774  0.1482
  9   -5172.2292  0.1446
 10   -5172.2630  0.1348
 11   -5172.2827  0.1328
 12   -5172.2896  0.1334

VCNEB Calcualtion Step   38

Image  Energy-(eV)  Dist 
  1   -5172.2896  0.0000
  2   -5172.2819  0.1503
  3   -5172.2610  0.1431
  4   -5172.2273  0.1375
  5   -5172.1735  0.1412
  6   -5172.1038  0.1396
  7   -5172.1090  0.1153
  8   -5172.1786  0.1495
  9   -5172.2300  0.1454
 10   -5172.2634  0.1351
 11   -5172.2828  0.1331
 12   -5172.2896  0.1337

VCNEB Calcualtion Step   39

Image  Energy-(eV)  Dist 
  1   -5172.2896  0.0000
  2   -5172.2820  0.1508
  3   -5172.2614  0.1436
  4   -5172.2280  0.1379
  5   -5172.1745  0.1419
  6   -5172.1048  0.1405
  7   -5172.1101  0.1158
  8   -5172.1796  0.1508
  9   -5172.2306  0.1461
 10   -5172.2638  0.1355
 11   -5172.2829  0.1334
 12   -5172.2896  0.1339

VCNEB Calcualtion Step   40

Image  Energy-(eV)  Dist 
  1   -5172.2896  0.0000
  2   -5172.2822  0.1513
  3   -5172.2617  0.1440
  4   -5172.2286  0.1382
  5   -5172.1754  0.1425
  6   -5172.1057  0.1414
  7   -5172.1111  0.1163
  8   -5172.1806  0.1519
  9   -5172.2312  0.1467
 10   -5172.2641  0.1359
 11   -5172.2830  0.1336
 12   -5172.2896  0.1341

VCNEB Calcualtion Step   41

Image  Energy-(eV)  Dist 
  1   -5172.2896  0.0000
  2   -5172.2823  0.1518
  3   -5172.2621  0.1444
  4   -5172.2292  0.1385
  5   -5172.1763  0.1431
  6   -5172.1065  0.1423
  7   -5172.1121  0.1168
  8   -5172.1815  0.1531
  9   -5172.2318  0.1473
 10   -5172.2644  0.1362
 11   -5172.2831  0.1338
 12   -5172.2896  0.1343

VCNEB Calcualtion Step   42

Image  Energy-(eV)  Dist 
  1   -5172.2896  0.0000
  2   -5172.2824  0.1522
  3   -5172.2624  0.1448
  4   -5172.2297  0.1388
  5   -5172.1771  0.1436
  6   -5172.1073  0.1431
  7   -5172.1129  0.1173
  8   -5172.1823  0.1541
  9   -5172.2324  0.1479
 10   -5172.2647  0.1365
 11   -5172.2832  0.1340
 12   -5172.2896  0.1345

VCNEB Calcualtion Step   43

Image  Energy-(eV)  Dist 
  1   -5172.2896  0.0000
  2   -5172.2825  0.1527
  3   -5172.2627  0.1451
  4   -5172.2303  0.1391
  5   -5172.1778  0.1441
  6   -5172.1079  0.1439
  7   -5172.1137  0.1178
  8   -5172.1831  0.1551
  9   -5172.2329  0.1484
 10   -5172.2650  0.1368
 11   -5172.2833  0.1343
 12   -5172.2896  0.1347

VCNEB Calcualtion Step   44

Image  Energy-(eV)  Dist 
  1   -5172.2896  0.0000
  2   -5172.2826  0.1532
  3   -5172.2630  0.1455
  4   -5172.2308  0.1394
  5   -5172.1785  0.1446
  6   -5172.1085  0.1446
  7   -5172.1145  0.1183
  8   -5172.1837  0.1561
  9   -5172.2333  0.1489
 10   -5172.2653  0.1371
 11   -5172.2834  0.1345
 12   -5172.2896  0.1349

VCNEB Calcualtion Step   45

Image  Energy-(eV)  Dist 
  1   -5172.2896  0.0000
  2   -5172.2827  0.1536
  3   -5172.2633  0.1459
  4   -5172.2313  0.1397
  5   -5172.1791  0.1450
  6   -5172.1091  0.1453
  7   -5172.1151  0.1188
  8   -5172.1844  0.1570
  9   -5172.2338  0.1494
 10   -5172.2655  0.1374
 11   -5172.2835  0.1347
 12   -5172.2896  0.1351

VCNEB Calcualtion Step   46

Image  Energy-(eV)  Dist 
  1   -5172.2896  0.0000
  2   -5172.2827  0.1541
  3   -5172.2636  0.1462
  4   -5172.2317  0.1399
  5   -5172.1797  0.1454
  6   -5172.1096  0.1460
  7   -5172.1158  0.1193
  8   -5172.1849  0.1578
  9   -5172.2342  0.1498
 10   -5172.2657  0.1377
 11   -5172.2836  0.1349
 12   -5172.2896  0.1352

VCNEB Calcualtion Step   47

Image  Energy-(eV)  Dist 
  1   -5172.2896  0.0000
  2   -5172.2828  0.1545
  3   -5172.2639  0.1465
  4   -5172.2322  0.1402
  5   -5172.1803  0.1458
  6   -5172.1101  0.1466
  7   -5172.1164  0.1198
  8   -5172.1855  0.1586
  9   -5172.2345  0.1502
 10   -5172.2660  0.1379
 11   -5172.2836  0.1350
 12   -5172.2896  0.1354

VCNEB Calcualtion Step   48

Image  Energy-(eV)  Dist 
  1   -5172.2896  0.0000
  2   -5172.2829  0.1549
  3   -5172.2641  0.1469
  4   -5172.2326  0.1404
  5   -5172.1808  0.1461
  6   -5172.1106  0.1472
  7   -5172.1169  0.1203
  8   -5172.1860  0.1593
  9   -5172.2349  0.1506
 10   -5172.2662  0.1382
 11   -5172.2837  0.1352
 12   -5172.2896  0.1355

VCNEB Calcualtion Step   49

Image  Energy-(eV)  Dist 
  1   -5172.2896  0.0000
  2   -5172.2830  0.1553
  3   -5172.2644  0.1472
  4   -5172.2330  0.1406
  5   -5172.1813  0.1464
  6   -5172.1110  0.1478
  7   -5172.1174  0.1208
  8   -5172.1864  0.1600
  9   -5172.2352  0.1509
 10   -5172.2664  0.1384
 11   -5172.2838  0.1354
 12   -5172.2896  0.1357

VCNEB Calcualtion Step   50

Image  Energy-(eV)  Dist 
  1   -5172.2896  0.0000
  2   -5172.2831  0.1557
  3   -5172.2647  0.1475
  4   -5172.2334  0.1408
  5   -5172.1817  0.1467
  6   -5172.1113  0.1483
  7   -5172.1179  0.1213
  8   -5172.1868  0.1606
  9   -5172.2355  0.1512
 10   -5172.2666  0.1386
 11   -5172.2838  0.1356
 12   -5172.2896  0.1359

VCNEB Calcualtion Step   51

Image  Energy-(eV)  Dist 
  1   -5172.2896  0.0000
  2   -5172.2832  0.1562
  3   -5172.2649  0.1478
  4   -5172.2338  0.1410
  5   -5172.1821  0.1469
  6   -5172.1117  0.1488
  7   -5172.1183  0.1218
  8   -5172.1872  0.1612
  9   -5172.2358  0.1515
 10   -5172.2667  0.1388
 11   -5172.2839  0.1357
 12   -5172.2896  0.1360

VCNEB Calcualtion Step   52

Image  Energy-(eV)  Dist 
  1   -5172.2896  0.0000
  2   -5172.2833  0.1565
  3   -5172.2652  0.1481
  4   -5172.2342  0.1412
  5   -5172.1825  0.1471
  6   -5172.1120  0.1492
  7   -5172.1187  0.1223
  8   -5172.1876  0.1617
  9   -5172.2361  0.1518
 10   -5172.2669  0.1390
 11   -5172.2839  0.1359
 12   -5172.2896  0.1361

VCNEB Calcualtion Step   53

Image  Energy-(eV)  Dist 
  1   -5172.2896  0.0000
  2   -5172.2833  0.1569
  3   -5172.2654  0.1484
  4   -5172.2345  0.1414
  5   -5172.1829  0.1473
  6   -5172.1123  0.1496
  7   -5172.1191  0.1227
  8   -5172.1879  0.1622
  9   -5172.2363  0.1520
 10   -5172.2671  0.1392
 11   -5172.2840  0.1360
 12   -5172.2896  0.1363

VCNEB Calcualtion Step   54

Image  Energy-(eV)  Dist 
  1   -5172.2896  0.0000
  2   -5172.2834  0.1573
  3   -5172.2656  0.1487
  4   -5172.2349  0.1416
  5   -5172.1833  0.1475
  6   -5172.1126  0.1500
  7   -5172.1195  0.1232
  8   -5172.1883  0.1627
  9   -5172.2365  0.1522
 10   -5172.2672  0.1394
 11   -5172.2841  0.1362
 12   -5172.2896  0.1364

VCNEB Calcualtion Step   55

Image  Energy-(eV)  Dist 
  1   -5172.2896  0.0000
  2   -5172.2835  0.1577
  3   -5172.2658  0.1489
  4   -5172.2352  0.1418
  5   -5172.1836  0.1477
  6   -5172.1128  0.1504
  7   -5172.1198  0.1237
  8   -5172.1885  0.1631
  9   -5172.2368  0.1524
 10   -5172.2674  0.1395
 11   -5172.2841  0.1363
 12   -5172.2896  0.1366

VCNEB Calcualtion Step   56

Image  Energy-(eV)  Dist 
  1   -5172.2896  0.0000
  2   -5172.2836  0.1581
  3   -5172.2661  0.1492
  4   -5172.2355  0.1419
  5   -5172.1839  0.1478
  6   -5172.1131  0.1507
  7   -5172.1202  0.1242
  8   -5172.1888  0.1634
  9   -5172.2370  0.1526
 10   -5172.2675  0.1397
 11   -5172.2842  0.1365
 12   -5172.2896  0.1367

VCNEB Calcualtion Step   57

Image  Energy-(eV)  Dist 
  1   -5172.2896  0.0000
  2   -5172.2836  0.1584
  3   -5172.2663  0.1495
  4   -5172.2359  0.1421
  5   -5172.1842  0.1480
  6   -5172.1133  0.1510
  7   -5172.1205  0.1247
  8   -5172.1891  0.1638
  9   -5172.2372  0.1528
 10   -5172.2676  0.1399
 11   -5172.2842  0.1366
 12   -5172.2896  0.1368

VCNEB Calcualtion Step   58

Image  Energy-(eV)  Dist 
  1   -5172.2896  0.0000
  2   -5172.2837  0.1588
  3   -5172.2665  0.1498
  4   -5172.2362  0.1423
  5   -5172.1845  0.1481
  6   -5172.1135  0.1513
  7   -5172.1208  0.1252
  8   -5172.1893  0.1641
  9   -5172.2374  0.1529
 10   -5172.2678  0.1400
 11   -5172.2842  0.1368
 12   -5172.2896  0.1368

VCNEB Calcualtion Step   59

Image  Energy-(eV)  Dist 
  1   -5172.2896  0.0000
  2   -5172.2838  0.1591
  3   -5172.2667  0.1500
  4   -5172.2365  0.1424
  5   -5172.1848  0.1482
  6   -5172.1137  0.1515
  7   -5172.1210  0.1257
  8   -5172.1895  0.1643
  9   -5172.2375  0.1531
 10   -5172.2679  0.1402
 11   -5172.2842  0.1371
 12   -5172.2896  0.1368

VCNEB Calcualtion Step   60

Image  Energy-(eV)  Dist 
  1   -5172.2896  0.0000
  2   -5172.2838  0.1595
  3   -5172.2669  0.1503
  4   -5172.2368  0.1426
  5   -5172.1850  0.1483
  6   -5172.1139  0.1518
  7   -5172.1213  0.1261
  8   -5172.1897  0.1646
  9   -5172.2377  0.1532
 10   -5172.2680  0.1403
 11   -5172.2842  0.1373
 12   -5172.2896  0.1368

VCNEB Calcualtion Step   61

Image  Energy-(eV)  Dist 
  1   -5172.2896  0.0000
  2   -5172.2839  0.1598
  3   -5172.2671  0.1505
  4   -5172.2371  0.1428
  5   -5172.1853  0.1484
  6   -5172.1140  0.1520
  7   -5172.1216  0.1266
  8   -5172.1899  0.1648
  9   -5172.2378  0.1533
 10   -5172.2681  0.1404
 11   -5172.2842  0.1375
 12   -5172.2896  0.1368

VCNEB Calcualtion Step   62

Image  Energy-(eV)  Dist 
  1   -5172.2896  0.0000
  2   -5172.2840  0.1602
  3   -5172.2673  0.1508
  4   -5172.2374  0.1429
  5   -5172.1855  0.1485
  6   -5172.1142  0.1521
  7   -5172.1218  0.1271
  8   -5172.1901  0.1649
  9   -5172.2380  0.1534
 10   -5172.2682  0.1406
 11   -5172.2842  0.1377
 12   -5172.2896  0.1368

VCNEB Calcualtion Step   63

Image  Energy-(eV)  Dist 
  1   -5172.2896  0.0000
  2   -5172.2840  0.1605
  3   -5172.2675  0.1510
  4   -5172.2377  0.1431
  5   -5172.1857  0.1485
  6   -5172.1144  0.1523
  7   -5172.1220  0.1275
  8   -5172.1902  0.1651
  9   -5172.2381  0.1535
 10   -5172.2683  0.1407
 11   -5172.2842  0.1379
 12   -5172.2896  0.1368

VCNEB Calcualtion Step   64

Image  Energy-(eV)  Dist 
  1   -5172.2896  0.0000
  2   -5172.2841  0.1608
  3   -5172.2677  0.1513
  4   -5172.2379  0.1432
  5   -5172.1859  0.1486
  6   -5172.1145  0.1524
  7   -5172.1223  0.1280
  8   -5172.1904  0.1652
  9   -5172.2383  0.1536
 10   -5172.2685  0.1408
 11   -5172.2842  0.1381
 12   -5172.2896  0.1368

VCNEB Calcualtion Step   65

Image  Energy-(eV)  Dist 
  1   -5172.2896  0.0000
  2   -5172.2841  0.1612
  3   -5172.2679  0.1515
  4   -5172.2382  0.1434
  5   -5172.1861  0.1486
  6   -5172.1146  0.1526
  7   -5172.1225  0.1284
  8   -5172.1905  0.1653
  9   -5172.2384  0.1537
 10   -5172.2686  0.1409
 11   -5172.2842  0.1383
 12   -5172.2896  0.1368

VCNEB Calcualtion Step   66

Image  Energy-(eV)  Dist 
  1   -5172.2896  0.0000
  2   -5172.2842  0.1615
  3   -5172.2681  0.1518
  4   -5172.2385  0.1435
  5   -5172.1863  0.1487
  6   -5172.1148  0.1527
  7   -5172.1227  0.1289
  8   -5172.1907  0.1654
  9   -5172.2385  0.1538
 10   -5172.2687  0.1410
 11   -5172.2842  0.1385
 12   -5172.2896  0.1368

VCNEB Calcualtion Step   67

Image  Energy-(eV)  Dist 
  1   -5172.2896  0.0000
  2   -5172.2843  0.1618
  3   -5172.2682  0.1520
  4   -5172.2387  0.1437
  5   -5172.1865  0.1487
  6   -5172.1149  0.1527
  7   -5172.1229  0.1293
  8   -5172.1908  0.1654
  9   -5172.2386  0.1539
 10   -5172.2687  0.1412
 11   -5172.2842  0.1387
 12   -5172.2896  0.1368

VCNEB Calcualtion Step   68

Image  Energy-(eV)  Dist 
  1   -5172.2896  0.0000
  2   -5172.2843  0.1621
  3   -5172.2684  0.1523
  4   -5172.2390  0.1438
  5   -5172.1867  0.1488
  6   -5172.1150  0.1528
  7   -5172.1231  0.1298
  8   -5172.1909  0.1655
  9   -5172.2387  0.1539
 10   -5172.2688  0.1413
 11   -5172.2843  0.1387
 12   -5172.2896  0.1369

VCNEB Calcualtion Step   69

Image  Energy-(eV)  Dist 
  1   -5172.2896  0.0000
  2   -5172.2844  0.1624
  3   -5172.2686  0.1525
  4   -5172.2392  0.1440
  5   -5172.1869  0.1488
  6   -5172.1151  0.1529
  7   -5172.1233  0.1302
  8   -5172.1910  0.1655
  9   -5172.2388  0.1540
 10   -5172.2689  0.1414
 11   -5172.2843  0.1389
 12   -5172.2896  0.1369

VCNEB Calcualtion Step   70

Image  Energy-(eV)  Dist 
  1   -5172.2896  0.0000
  2   -5172.2844  0.1627
  3   -5172.2688  0.1527
  4   -5172.2395  0.1441
  5   -5172.1870  0.1488
  6   -5172.1153  0.1529
  7   -5172.1235  0.1307
  8   -5172.1911  0.1655
  9   -5172.2389  0.1540
 10   -5172.2690  0.1415
 11   -5172.2843  0.1391
 12   -5172.2896  0.1369

VCNEB Calcualtion Step   71

Image  Energy-(eV)  Dist 
  1   -5172.2896  0.0000
  2   -5172.2845  0.1630
  3   -5172.2689  0.1530
  4   -5172.2397  0.1442
  5   -5172.1872  0.1488
  6   -5172.1154  0.1529
  7   -5172.1236  0.1311
  8   -5172.1912  0.1655
  9   -5172.2390  0.1541
 10   -5172.2691  0.1416
 11   -5172.2843  0.1392
 12   -5172.2896  0.1369

VCNEB Calcualtion Step   72

Image  Energy-(eV)  Dist 
  1   -5172.2896  0.0000
  2   -5172.2845  0.1633
  3   -5172.2691  0.1532
  4   -5172.2399  0.1444
  5   -5172.1874  0.1488
  6   -5172.1155  0.1530
  7   -5172.1238  0.1315
  8   -5172.1913  0.1654
  9   -5172.2391  0.1541
 10   -5172.2692  0.1417
 11   -5172.2843  0.1394
 12   -5172.2896  0.1369

VCNEB Calcualtion Step   73

Image  Energy-(eV)  Dist 
  1   -5172.2896  0.0000
  2   -5172.2846  0.1636
  3   -5172.2693  0.1534
  4   -5172.2402  0.1445
  5   -5172.1875  0.1489
  6   -5172.1156  0.1530
  7   -5172.1240  0.1319
  8   -5172.1914  0.1654
  9   -5172.2392  0.1541
 10   -5172.2692  0.1418
 11   -5172.2843  0.1396
 12   -5172.2896  0.1369

VCNEB Calcualtion Step   74

Image  Energy-(eV)  Dist 
  1   -5172.2896  0.0000
  2   -5172.2846  0.1639
  3   -5172.2694  0.1537
  4   -5172.2404  0.1447
  5   -5172.1877  0.1489
  6   -5172.1157  0.1530
  7   -5172.1241  0.1323
  8   -5172.1915  0.1653
  9   -5172.2393  0.1542
 10   -5172.2692  0.1420
 11   -5172.2843  0.1396
 12   -5172.2896  0.1369

VCNEB Calcualtion Step   75

Image  Energy-(eV)  Dist 
  1   -5172.2896  0.0000
  2   -5172.2847  0.1642
  3   -5172.2696  0.1539
  4   -5172.2406  0.1448
  5   -5172.1878  0.1489
  6   -5172.1158  0.1530
  7   -5172.1243  0.1327
  8   -5172.1916  0.1653
  9   -5172.2394  0.1542
 10   -5172.2692  0.1422
 11   -5172.2843  0.1396
 12   -5172.2896  0.1369

VCNEB Calcualtion Step   76

Image  Energy-(eV)  Dist 
  1   -5172.2896  0.0000
  2   -5172.2847  0.1645
  3   -5172.2697  0.1541
  4   -5172.2408  0.1450
  5   -5172.1879  0.1489
  6   -5172.1159  0.1529
  7   -5172.1245  0.1332
  8   -5172.1917  0.1652
  9   -5172.2395  0.1542
 10   -5172.2692  0.1424
 11   -5172.2843  0.1396
 12   -5172.2896  0.1369

VCNEB Calcualtion Step   77

Image  Energy-(eV)  Dist 
  1   -5172.2896  0.0000
  2   -5172.2848  0.1648
  3   -5172.2699  0.1543
  4   -5172.2410  0.1451
  5   -5172.1881  0.1489
  6   -5172.1160  0.1529
  7   -5172.1246  0.1336
  8   -5172.1917  0.1651
  9   -5172.2395  0.1542
 10   -5172.2692  0.1425
 11   -5172.2843  0.1396
 12   -5172.2896  0.1369

VCNEB Calcualtion Step   78

Image  Energy-(eV)  Dist 
  1   -5172.2896  0.0000
  2   -5172.2848  0.1650
  3   -5172.2700  0.1545
  4   -5172.2412  0.1452
  5   -5172.1882  0.1489
  6   -5172.1161  0.1529
  7   -5172.1248  0.1339
  8   -5172.1918  0.1650
  9   -5172.2396  0.1542
 10   -5172.2693  0.1426
 11   -5172.2843  0.1397
 12   -5172.2896  0.1369

VCNEB Calcualtion Step   79

Image  Energy-(eV)  Dist 
  1   -5172.2896  0.0000
  2   -5172.2848  0.1653
  3   -5172.2702  0.1548
  4   -5172.2414  0.1454
  5   -5172.1883  0.1489
  6   -5172.1162  0.1528
  7   -5172.1249  0.1343
  8   -5172.1919  0.1649
  9   -5172.2397  0.1542
 10   -5172.2693  0.1428
 11   -5172.2843  0.1397
 12   -5172.2896  0.1369

VCNEB Calcualtion Step   80

Image  Energy-(eV)  Dist 
  1   -5172.2896  0.0000
  2   -5172.2849  0.1656
  3   -5172.2703  0.1550
  4   -5172.2416  0.1455
  5   -5172.1884  0.1489
  6   -5172.1162  0.1528
  7   -5172.1250  0.1347
  8   -5172.1919  0.1648
  9   -5172.2398  0.1543
 10   -5172.2693  0.1430
 11   -5172.2843  0.1397
 12   -5172.2896  0.1369

VCNEB Calcualtion Step   81

Image  Energy-(eV)  Dist 
  1   -5172.2896  0.0000
  2   -5172.2849  0.1659
  3   -5172.2704  0.1552
  4   -5172.2418  0.1457
  5   -5172.1885  0.1489
  6   -5172.1163  0.1527
  7   -5172.1252  0.1351
  8   -5172.1920  0.1647
  9   -5172.2398  0.1543
 10   -5172.2693  0.1431
 11   -5172.2843  0.1397
 12   -5172.2896  0.1369

VCNEB Calcualtion Step   82

Image  Energy-(eV)  Dist 
  1   -5172.2896  0.0000
  2   -5172.2850  0.1661
  3   -5172.2706  0.1554
  4   -5172.2420  0.1458
  5   -5172.1886  0.1488
  6   -5172.1164  0.1526
  7   -5172.1253  0.1355
  8   -5172.1921  0.1645
  9   -5172.2399  0.1543
 10   -5172.2693  0.1433
 11   -5172.2843  0.1397
 12   -5172.2896  0.1369
