VCNEB Calcualtion Step   82

 Image    a        b        c      alpha    beta   gamma  
   1   3.8440   3.8440   4.3217,   90.000  90.000  90.000
   2   3.8546   3.8546   4.2422,   89.993  89.993  90.000
   3   3.8665   3.8665   4.1628,   89.988  89.988  90.000
   4   3.8806   3.8806   4.0823,   89.990  89.990  90.000
   5   3.8995   3.8995   3.9969,   90.001  90.001  90.000
   6   3.9168   3.9168   3.9324,   90.007  90.007  90.000
   7   3.9151   3.9151   3.9386,   89.992  89.992  90.000
   8   3.8988   3.8988   4.0012,   90.001  90.001  90.000
   9   3.8834   3.8834   4.0717,   90.009  90.009  90.000
  10   3.8693   3.8693   4.1503,   90.008  90.009  90.000
  11   3.8553   3.8553   4.2369,   90.003  90.003  90.000
  12   3.8437   3.8437   4.3227,   90.000  90.000  90.000
