
VCNEB Calcualtion Step    0

Image  Energy-(eV)  Dist 
  1   -8859.0510  0.0000
  2   -8859.0359  0.2144
  3   -8859.0007  0.2144
  4   -8858.9844  0.2144
  5   -8859.0078  0.2144
  6   -8859.0417  0.2725
  7   -8859.0149  0.2669
  8   -8858.9876  0.2669
  9   -8858.9883  0.2669
 10   -8859.0118  0.2669
 11   -8859.0411  0.2669
 12   -8859.0510  0.2669

VCNEB Calcualtion Step    1

Image  Energy-(eV)  Dist 
  1   -8859.0510  0.0000
  2   -8859.0361  0.2143
  3   -8859.0010  0.2145
  4   -8858.9845  0.2143
  5   -8859.0079  0.2149
  6   -8859.0417  0.2720
  7   -8859.0152  0.2655
  8   -8858.9879  0.2669
  9   -8858.9884  0.2672
 10   -8859.0119  0.2672
 11   -8859.0411  0.2671
 12   -8859.0510  0.2677

VCNEB Calcualtion Step    2

Image  Energy-(eV)  Dist 
  1   -8859.0510  0.0000
  2   -8859.0363  0.2140
  3   -8859.0012  0.2147
  4   -8858.9846  0.2144
  5   -8859.0081  0.2153
  6   -8859.0417  0.2714
  7   -8859.0155  0.2640
  8   -8858.9882  0.2671
  9   -8858.9886  0.2677
 10   -8859.0120  0.2675
 11   -8859.0412  0.2672
 12   -8859.0510  0.2683

VCNEB Calcualtion Step    3

Image  Energy-(eV)  Dist 
  1   -8859.0510  0.0000
  2   -8859.0364  0.2137
  3   -8859.0014  0.2148
  4   -8858.9847  0.2145
  5   -8859.0082  0.2158
  6   -8859.0417  0.2709
  7   -8859.0158  0.2625
  8   -8858.9884  0.2673
  9   -8858.9887  0.2682
 10   -8859.0121  0.2679
 11   -8859.0412  0.2673
 12   -8859.0510  0.2689

VCNEB Calcualtion Step    4

Image  Energy-(eV)  Dist 
  1   -8859.0510  0.0000
  2   -8859.0366  0.2134
  3   -8859.0016  0.2149
  4   -8858.9849  0.2146
  5   -8859.0083  0.2162
  6   -8859.0417  0.2704
  7   -8859.0161  0.2610
  8   -8858.9886  0.2675
  9   -8858.9889  0.2686
 10   -8859.0122  0.2683
 11   -8859.0412  0.2674
 12   -8859.0510  0.2695

VCNEB Calcualtion Step    5

Image  Energy-(eV)  Dist 
  1   -8859.0510  0.0000
  2   -8859.0367  0.2130
  3   -8859.0018  0.2150
  4   -8858.9850  0.2147
  5   -8859.0083  0.2167
  6   -8859.0417  0.2699
  7   -8859.0163  0.2596
  8   -8858.9889  0.2676
  9   -8858.9890  0.2691
 10   -8859.0123  0.2686
 11   -8859.0412  0.2675
 12   -8859.0510  0.2700

VCNEB Calcualtion Step    6

Image  Energy-(eV)  Dist 
  1   -8859.0510  0.0000
  2   -8859.0368  0.2127
  3   -8859.0020  0.2151
  4   -8858.9850  0.2148
  5   -8859.0084  0.2171
  6   -8859.0417  0.2695
  7   -8859.0166  0.2583
  8   -8858.9891  0.2678
  9   -8858.9891  0.2696
 10   -8859.0123  0.2690
 11   -8859.0412  0.2676
 12   -8859.0510  0.2706

VCNEB Calcualtion Step    7

Image  Energy-(eV)  Dist 
  1   -8859.0510  0.0000
  2   -8859.0369  0.2123
  3   -8859.0022  0.2152
  4   -8858.9851  0.2149
  5   -8859.0085  0.2175
  6   -8859.0417  0.2690
  7   -8859.0168  0.2569
  8   -8858.9893  0.2679
  9   -8858.9892  0.2700
 10   -8859.0124  0.2694
 11   -8859.0412  0.2678
 12   -8859.0510  0.2711

VCNEB Calcualtion Step    8

Image  Energy-(eV)  Dist 
  1   -8859.0510  0.0000
  2   -8859.0371  0.2120
  3   -8859.0024  0.2153
  4   -8858.9852  0.2151
  5   -8859.0085  0.2179
  6   -8859.0417  0.2686
  7   -8859.0170  0.2557
  8   -8858.9894  0.2680
  9   -8858.9893  0.2705
 10   -8859.0124  0.2697
 11   -8859.0412  0.2679
 12   -8859.0510  0.2717

VCNEB Calcualtion Step    9

Image  Energy-(eV)  Dist 
  1   -8859.0510  0.0000
  2   -8859.0372  0.2116
  3   -8859.0026  0.2153
  4   -8858.9853  0.2152
  5   -8859.0086  0.2183
  6   -8859.0417  0.2682
  7   -8859.0173  0.2544
  8   -8858.9896  0.2681
  9   -8858.9894  0.2710
 10   -8859.0125  0.2701
 11   -8859.0412  0.2680
 12   -8859.0510  0.2722

VCNEB Calcualtion Step   10

Image  Energy-(eV)  Dist 
  1   -8859.0510  0.0000
  2   -8859.0373  0.2113
  3   -8859.0027  0.2154
  4   -8858.9853  0.2153
  5   -8859.0086  0.2187
  6   -8859.0417  0.2678
  7   -8859.0175  0.2532
  8   -8858.9898  0.2681
  9   -8858.9895  0.2714
 10   -8859.0125  0.2704
 11   -8859.0411  0.2681
 12   -8859.0510  0.2727

VCNEB Calcualtion Step   11

Image  Energy-(eV)  Dist 
  1   -8859.0510  0.0000
  2   -8859.0374  0.2109
  3   -8859.0029  0.2155
  4   -8858.9854  0.2154
  5   -8859.0086  0.2191
  6   -8859.0417  0.2675
  7   -8859.0177  0.2520
  8   -8858.9900  0.2682
  9   -8858.9896  0.2718
 10   -8859.0125  0.2708
 11   -8859.0411  0.2682
 12   -8859.0510  0.2732

VCNEB Calcualtion Step   12

Image  Energy-(eV)  Dist 
  1   -8859.0510  0.0000
  2   -8859.0375  0.2106
  3   -8859.0031  0.2155
  4   -8858.9854  0.2156
  5   -8859.0087  0.2195
  6   -8859.0417  0.2671
  7   -8859.0179  0.2508
  8   -8858.9901  0.2682
  9   -8858.9896  0.2723
 10   -8859.0125  0.2711
 11   -8859.0411  0.2683
 12   -8859.0510  0.2737

VCNEB Calcualtion Step   13

Image  Energy-(eV)  Dist 
  1   -8859.0510  0.0000
  2   -8859.0377  0.2102
  3   -8859.0032  0.2155
  4   -8858.9855  0.2157
  5   -8859.0087  0.2199
  6   -8859.0417  0.2668
  7   -8859.0181  0.2497
  8   -8858.9903  0.2683
  9   -8858.9897  0.2727
 10   -8859.0126  0.2715
 11   -8859.0411  0.2685
 12   -8859.0510  0.2742

VCNEB Calcualtion Step   14

Image  Energy-(eV)  Dist 
  1   -8859.0510  0.0000
  2   -8859.0378  0.2098
  3   -8859.0034  0.2156
  4   -8858.9855  0.2158
  5   -8859.0087  0.2203
  6   -8859.0417  0.2665
  7   -8859.0183  0.2486
  8   -8858.9904  0.2683
  9   -8858.9898  0.2731
 10   -8859.0126  0.2718
 11   -8859.0411  0.2686
 12   -8859.0510  0.2747

VCNEB Calcualtion Step   15

Image  Energy-(eV)  Dist 
  1   -8859.0510  0.0000
  2   -8859.0379  0.2095
  3   -8859.0035  0.2156
  4   -8858.9856  0.2160
  5   -8859.0087  0.2207
  6   -8859.0417  0.2662
  7   -8859.0184  0.2476
  8   -8858.9905  0.2683
  9   -8858.9898  0.2735
 10   -8859.0126  0.2721
 11   -8859.0411  0.2687
 12   -8859.0510  0.2752

VCNEB Calcualtion Step   16

Image  Energy-(eV)  Dist 
  1   -8859.0510  0.0000
  2   -8859.0380  0.2091
  3   -8859.0037  0.2156
  4   -8858.9856  0.2161
  5   -8859.0087  0.2210
  6   -8859.0417  0.2659
  7   -8859.0186  0.2465
  8   -8858.9907  0.2683
  9   -8858.9899  0.2739
 10   -8859.0126  0.2725
 11   -8859.0410  0.2689
 12   -8859.0510  0.2757

VCNEB Calcualtion Step   17

Image  Energy-(eV)  Dist 
  1   -8859.0510  0.0000
  2   -8859.0381  0.2088
  3   -8859.0038  0.2157
  4   -8858.9856  0.2162
  5   -8859.0087  0.2214
  6   -8859.0417  0.2656
  7   -8859.0188  0.2455
  8   -8858.9908  0.2683
  9   -8858.9899  0.2743
 10   -8859.0126  0.2728
 11   -8859.0410  0.2690
 12   -8859.0510  0.2761

VCNEB Calcualtion Step   18

Image  Energy-(eV)  Dist 
  1   -8859.0510  0.0000
  2   -8859.0382  0.2084
  3   -8859.0040  0.2157
  4   -8858.9857  0.2164
  5   -8859.0087  0.2217
  6   -8859.0417  0.2654
  7   -8859.0189  0.2445
  8   -8858.9909  0.2682
  9   -8858.9899  0.2747
 10   -8859.0126  0.2731
 11   -8859.0410  0.2692
 12   -8859.0510  0.2766

VCNEB Calcualtion Step   19

Image  Energy-(eV)  Dist 
  1   -8859.0510  0.0000
  2   -8859.0383  0.2081
  3   -8859.0041  0.2157
  4   -8858.9857  0.2165
  5   -8859.0086  0.2221
  6   -8859.0417  0.2651
  7   -8859.0191  0.2436
  8   -8858.9911  0.2682
  9   -8858.9900  0.2751
 10   -8859.0126  0.2735
 11   -8859.0410  0.2693
 12   -8859.0510  0.2771

VCNEB Calcualtion Step   20

Image  Energy-(eV)  Dist 
  1   -8859.0510  0.0000
  2   -8859.0384  0.2077
  3   -8859.0043  0.2157
  4   -8858.9857  0.2166
  5   -8859.0086  0.2224
  6   -8859.0417  0.2649
  7   -8859.0192  0.2426
  8   -8858.9912  0.2681
  9   -8858.9900  0.2755
 10   -8859.0126  0.2738
 11   -8859.0409  0.2695
 12   -8859.0510  0.2775

VCNEB Calcualtion Step   21

Image  Energy-(eV)  Dist 
  1   -8859.0510  0.0000
  2   -8859.0385  0.2074
  3   -8859.0044  0.2157
  4   -8858.9858  0.2168
  5   -8859.0086  0.2228
  6   -8859.0417  0.2646
  7   -8859.0194  0.2417
  8   -8858.9913  0.2681
  9   -8858.9900  0.2758
 10   -8859.0126  0.2741
 11   -8859.0409  0.2696
 12   -8859.0510  0.2780

VCNEB Calcualtion Step   22

Image  Energy-(eV)  Dist 
  1   -8859.0510  0.0000
  2   -8859.0386  0.2070
  3   -8859.0045  0.2157
  4   -8858.9858  0.2169
  5   -8859.0085  0.2231
  6   -8859.0417  0.2644
  7   -8859.0195  0.2408
  8   -8858.9914  0.2680
  9   -8858.9901  0.2762
 10   -8859.0126  0.2744
 11   -8859.0409  0.2698
 12   -8859.0510  0.2784

VCNEB Calcualtion Step   23

Image  Energy-(eV)  Dist 
  1   -8859.0510  0.0000
  2   -8859.0387  0.2067
  3   -8859.0047  0.2157
  4   -8858.9858  0.2170
  5   -8859.0085  0.2234
  6   -8859.0417  0.2642
  7   -8859.0196  0.2399
  8   -8858.9915  0.2679
  9   -8858.9901  0.2765
 10   -8859.0126  0.2747
 11   -8859.0409  0.2699
 12   -8859.0510  0.2788

VCNEB Calcualtion Step   24

Image  Energy-(eV)  Dist 
  1   -8859.0510  0.0000
  2   -8859.0388  0.2064
  3   -8859.0048  0.2157
  4   -8858.9858  0.2171
  5   -8859.0085  0.2237
  6   -8859.0417  0.2640
  7   -8859.0198  0.2391
  8   -8858.9916  0.2678
  9   -8858.9901  0.2769
 10   -8859.0126  0.2751
 11   -8859.0408  0.2701
 12   -8859.0510  0.2793

VCNEB Calcualtion Step   25

Image  Energy-(eV)  Dist 
  1   -8859.0510  0.0000
  2   -8859.0389  0.2060
  3   -8859.0049  0.2157
  4   -8858.9858  0.2173
  5   -8859.0084  0.2240
  6   -8859.0417  0.2638
  7   -8859.0199  0.2383
  8   -8858.9917  0.2677
  9   -8858.9901  0.2772
 10   -8859.0125  0.2754
 11   -8859.0408  0.2703
 12   -8859.0510  0.2797

VCNEB Calcualtion Step   26

Image  Energy-(eV)  Dist 
  1   -8859.0510  0.0000
  2   -8859.0390  0.2057
  3   -8859.0051  0.2156
  4   -8858.9858  0.2174
  5   -8859.0084  0.2244
  6   -8859.0417  0.2636
  7   -8859.0200  0.2375
  8   -8858.9918  0.2676
  9   -8858.9901  0.2776
 10   -8859.0125  0.2757
 11   -8859.0408  0.2704
 12   -8859.0510  0.2801

VCNEB Calcualtion Step   27

Image  Energy-(eV)  Dist 
  1   -8859.0510  0.0000
  2   -8859.0391  0.2053
  3   -8859.0052  0.2156
  4   -8858.9858  0.2175
  5   -8859.0083  0.2247
  6   -8859.0417  0.2634
  7   -8859.0201  0.2367
  8   -8858.9919  0.2675
  9   -8858.9901  0.2779
 10   -8859.0125  0.2760
 11   -8859.0408  0.2706
 12   -8859.0510  0.2805

VCNEB Calcualtion Step   28

Image  Energy-(eV)  Dist 
  1   -8859.0510  0.0000
  2   -8859.0392  0.2050
  3   -8859.0053  0.2156
  4   -8858.9858  0.2177
  5   -8859.0083  0.2249
  6   -8859.0416  0.2633
  7   -8859.0203  0.2359
  8   -8858.9920  0.2673
  9   -8858.9901  0.2782
 10   -8859.0125  0.2763
 11   -8859.0407  0.2708
 12   -8859.0510  0.2810

VCNEB Calcualtion Step   29

Image  Energy-(eV)  Dist 
  1   -8859.0510  0.0000
  2   -8859.0392  0.2047
  3   -8859.0055  0.2156
  4   -8858.9858  0.2178
  5   -8859.0082  0.2252
  6   -8859.0416  0.2631
  7   -8859.0204  0.2351
  8   -8858.9920  0.2672
  9   -8858.9901  0.2785
 10   -8859.0124  0.2766
 11   -8859.0407  0.2709
 12   -8859.0510  0.2814

VCNEB Calcualtion Step   30

Image  Energy-(eV)  Dist 
  1   -8859.0510  0.0000
  2   -8859.0393  0.2043
  3   -8859.0056  0.2156
  4   -8858.9858  0.2179
  5   -8859.0082  0.2255
  6   -8859.0416  0.2630
  7   -8859.0205  0.2344
  8   -8858.9921  0.2671
  9   -8858.9901  0.2789
 10   -8859.0124  0.2769
 11   -8859.0407  0.2711
 12   -8859.0510  0.2818

VCNEB Calcualtion Step   31

Image  Energy-(eV)  Dist 
  1   -8859.0510  0.0000
  2   -8859.0394  0.2040
  3   -8859.0057  0.2155
  4   -8858.9858  0.2180
  5   -8859.0081  0.2258
  6   -8859.0416  0.2628
  7   -8859.0206  0.2336
  8   -8858.9922  0.2669
  9   -8858.9901  0.2792
 10   -8859.0124  0.2772
 11   -8859.0406  0.2713
 12   -8859.0510  0.2822

VCNEB Calcualtion Step   32

Image  Energy-(eV)  Dist 
  1   -8859.0510  0.0000
  2   -8859.0395  0.2037
  3   -8859.0058  0.2155
  4   -8858.9858  0.2181
  5   -8859.0080  0.2261
  6   -8859.0416  0.2627
  7   -8859.0207  0.2329
  8   -8858.9923  0.2668
  9   -8858.9901  0.2795
 10   -8859.0124  0.2775
 11   -8859.0406  0.2715
 12   -8859.0510  0.2826

VCNEB Calcualtion Step   33

Image  Energy-(eV)  Dist 
  1   -8859.0510  0.0000
  2   -8859.0396  0.2034
  3   -8859.0060  0.2154
  4   -8858.9858  0.2183
  5   -8859.0080  0.2264
  6   -8859.0416  0.2625
  7   -8859.0208  0.2322
  8   -8858.9924  0.2666
  9   -8858.9901  0.2798
 10   -8859.0123  0.2778
 11   -8859.0406  0.2717
 12   -8859.0510  0.2830

VCNEB Calcualtion Step   34

Image  Energy-(eV)  Dist 
  1   -8859.0510  0.0000
  2   -8859.0397  0.2030
  3   -8859.0061  0.2154
  4   -8858.9858  0.2184
  5   -8859.0079  0.2266
  6   -8859.0416  0.2624
  7   -8859.0209  0.2316
  8   -8858.9924  0.2664
  9   -8858.9901  0.2801
 10   -8859.0123  0.2781
 11   -8859.0405  0.2719
 12   -8859.0510  0.2834

VCNEB Calcualtion Step   35

Image  Energy-(eV)  Dist 
  1   -8859.0510  0.0000
  2   -8859.0397  0.2027
  3   -8859.0062  0.2154
  4   -8858.9858  0.2185
  5   -8859.0078  0.2269
  6   -8859.0416  0.2623
  7   -8859.0210  0.2309
  8   -8858.9925  0.2662
  9   -8858.9901  0.2803
 10   -8859.0123  0.2784
 11   -8859.0405  0.2721
 12   -8859.0510  0.2837

VCNEB Calcualtion Step   36

Image  Energy-(eV)  Dist 
  1   -8859.0510  0.0000
  2   -8859.0398  0.2024
  3   -8859.0063  0.2153
  4   -8858.9858  0.2186
  5   -8859.0077  0.2272
  6   -8859.0416  0.2622
  7   -8859.0211  0.2302
  8   -8858.9926  0.2661
  9   -8858.9901  0.2806
 10   -8859.0122  0.2787
 11   -8859.0405  0.2723
 12   -8859.0510  0.2841

VCNEB Calcualtion Step   37

Image  Energy-(eV)  Dist 
  1   -8859.0510  0.0000
  2   -8859.0399  0.2021
  3   -8859.0064  0.2153
  4   -8858.9858  0.2187
  5   -8859.0077  0.2274
  6   -8859.0416  0.2621
  7   -8859.0212  0.2296
  8   -8858.9927  0.2659
  9   -8858.9900  0.2809
 10   -8859.0122  0.2790
 11   -8859.0404  0.2724
 12   -8859.0510  0.2845

VCNEB Calcualtion Step   38

Image  Energy-(eV)  Dist 
  1   -8859.0510  0.0000
  2   -8859.0400  0.2018
  3   -8859.0065  0.2152
  4   -8858.9858  0.2188
  5   -8859.0076  0.2277
  6   -8859.0416  0.2620
  7   -8859.0213  0.2290
  8   -8858.9927  0.2657
  9   -8858.9900  0.2812
 10   -8859.0121  0.2793
 11   -8859.0404  0.2726
 12   -8859.0510  0.2849

VCNEB Calcualtion Step   39

Image  Energy-(eV)  Dist 
  1   -8859.0510  0.0000
  2   -8859.0401  0.2015
  3   -8859.0067  0.2152
  4   -8858.9858  0.2190
  5   -8859.0075  0.2279
  6   -8859.0416  0.2619
  7   -8859.0214  0.2284
  8   -8858.9928  0.2655
  9   -8858.9900  0.2814
 10   -8859.0121  0.2796
 11   -8859.0404  0.2728
 12   -8859.0510  0.2852

VCNEB Calcualtion Step   40

Image  Energy-(eV)  Dist 
  1   -8859.0510  0.0000
  2   -8859.0401  0.2011
  3   -8859.0068  0.2151
  4   -8858.9858  0.2191
  5   -8859.0074  0.2282
  6   -8859.0416  0.2618
  7   -8859.0215  0.2278
  8   -8858.9929  0.2653
  9   -8858.9900  0.2817
 10   -8859.0120  0.2799
 11   -8859.0403  0.2730
 12   -8859.0510  0.2856

VCNEB Calcualtion Step   41

Image  Energy-(eV)  Dist 
  1   -8859.0510  0.0000
  2   -8859.0402  0.2008
  3   -8859.0069  0.2150
  4   -8858.9858  0.2192
  5   -8859.0073  0.2284
  6   -8859.0416  0.2617
  7   -8859.0216  0.2272
  8   -8858.9929  0.2651
  9   -8858.9900  0.2819
 10   -8859.0120  0.2802
 11   -8859.0403  0.2733
 12   -8859.0510  0.2860

VCNEB Calcualtion Step   42

Image  Energy-(eV)  Dist 
  1   -8859.0510  0.0000
  2   -8859.0403  0.2005
  3   -8859.0070  0.2150
  4   -8858.9858  0.2193
  5   -8859.0073  0.2286
  6   -8859.0416  0.2616
  7   -8859.0216  0.2266
  8   -8858.9930  0.2648
  9   -8858.9900  0.2822
 10   -8859.0120  0.2805
 11   -8859.0403  0.2735
 12   -8859.0510  0.2863

VCNEB Calcualtion Step   43

Image  Energy-(eV)  Dist 
  1   -8859.0510  0.0000
  2   -8859.0403  0.2002
  3   -8859.0071  0.2149
  4   -8858.9858  0.2194
  5   -8859.0072  0.2289
  6   -8859.0416  0.2615
  7   -8859.0217  0.2260
  8   -8858.9931  0.2646
  9   -8858.9899  0.2824
 10   -8859.0119  0.2808
 11   -8859.0402  0.2737
 12   -8859.0510  0.2867

VCNEB Calcualtion Step   44

Image  Energy-(eV)  Dist 
  1   -8859.0510  0.0000
  2   -8859.0404  0.1999
  3   -8859.0072  0.2149
  4   -8858.9858  0.2195
  5   -8859.0071  0.2291
  6   -8859.0415  0.2614
  7   -8859.0218  0.2255
  8   -8858.9931  0.2644
  9   -8858.9899  0.2826
 10   -8859.0119  0.2811
 11   -8859.0402  0.2739
 12   -8859.0510  0.2870

VCNEB Calcualtion Step   45

Image  Energy-(eV)  Dist 
  1   -8859.0510  0.0000
  2   -8859.0405  0.1996
  3   -8859.0073  0.2148
  4   -8858.9858  0.2196
  5   -8859.0070  0.2293
  6   -8859.0415  0.2614
  7   -8859.0219  0.2249
  8   -8858.9932  0.2642
  9   -8858.9899  0.2829
 10   -8859.0118  0.2814
 11   -8859.0402  0.2741
 12   -8859.0510  0.2874

VCNEB Calcualtion Step   46

Image  Energy-(eV)  Dist 
  1   -8859.0510  0.0000
  2   -8859.0406  0.1993
  3   -8859.0074  0.2147
  4   -8858.9858  0.2197
  5   -8859.0069  0.2296
  6   -8859.0415  0.2613
  7   -8859.0220  0.2244
  8   -8858.9933  0.2639
  9   -8858.9899  0.2831
 10   -8859.0118  0.2817
 11   -8859.0401  0.2743
 12   -8859.0510  0.2877

VCNEB Calcualtion Step   47

Image  Energy-(eV)  Dist 
  1   -8859.0510  0.0000
  2   -8859.0406  0.1990
  3   -8859.0075  0.2147
  4   -8858.9858  0.2198
  5   -8859.0068  0.2298
  6   -8859.0415  0.2613
  7   -8859.0221  0.2239
  8   -8858.9933  0.2637
  9   -8858.9898  0.2833
 10   -8859.0117  0.2820
 11   -8859.0401  0.2745
 12   -8859.0510  0.2881

VCNEB Calcualtion Step   48

Image  Energy-(eV)  Dist 
  1   -8859.0510  0.0000
  2   -8859.0407  0.1987
  3   -8859.0077  0.2146
  4   -8858.9858  0.2199
  5   -8859.0067  0.2300
  6   -8859.0415  0.2612
  7   -8859.0221  0.2234
  8   -8858.9934  0.2635
  9   -8858.9898  0.2835
 10   -8859.0117  0.2823
 11   -8859.0401  0.2747
 12   -8859.0510  0.2884

VCNEB Calcualtion Step   49

Image  Energy-(eV)  Dist 
  1   -8859.0510  0.0000
  2   -8859.0408  0.1984
  3   -8859.0078  0.2145
  4   -8858.9858  0.2200
  5   -8859.0066  0.2302
  6   -8859.0415  0.2611
  7   -8859.0222  0.2229
  8   -8858.9935  0.2632
  9   -8858.9898  0.2837
 10   -8859.0116  0.2826
 11   -8859.0400  0.2750
 12   -8859.0510  0.2888

VCNEB Calcualtion Step   50

Image  Energy-(eV)  Dist 
  1   -8859.0510  0.0000
  2   -8859.0408  0.1981
  3   -8859.0079  0.2144
  4   -8858.9858  0.2201
  5   -8859.0065  0.2304
  6   -8859.0415  0.2611
  7   -8859.0223  0.2224
  8   -8858.9935  0.2630
  9   -8858.9898  0.2839
 10   -8859.0115  0.2828
 11   -8859.0400  0.2752
 12   -8859.0510  0.2891

VCNEB Calcualtion Step   51

Image  Energy-(eV)  Dist 
  1   -8859.0510  0.0000
  2   -8859.0409  0.1978
  3   -8859.0080  0.2144
  4   -8858.9858  0.2202
  5   -8859.0064  0.2306
  6   -8859.0415  0.2611
  7   -8859.0224  0.2219
  8   -8858.9936  0.2627
  9   -8858.9897  0.2841
 10   -8859.0115  0.2831
 11   -8859.0400  0.2754
 12   -8859.0510  0.2895

VCNEB Calcualtion Step   52

Image  Energy-(eV)  Dist 
  1   -8859.0510  0.0000
  2   -8859.0410  0.1975
  3   -8859.0081  0.2143
  4   -8858.9857  0.2203
  5   -8859.0063  0.2308
  6   -8859.0415  0.2610
  7   -8859.0224  0.2214
  8   -8858.9937  0.2625
  9   -8858.9897  0.2843
 10   -8859.0114  0.2834
 11   -8859.0399  0.2756
 12   -8859.0510  0.2898

VCNEB Calcualtion Step   53

Image  Energy-(eV)  Dist 
  1   -8859.0510  0.0000
  2   -8859.0410  0.1973
  3   -8859.0082  0.2142
  4   -8858.9857  0.2204
  5   -8859.0063  0.2310
  6   -8859.0414  0.2610
  7   -8859.0225  0.2209
  8   -8858.9937  0.2622
  9   -8858.9897  0.2845
 10   -8859.0114  0.2837
 11   -8859.0399  0.2758
 12   -8859.0510  0.2901

VCNEB Calcualtion Step   54

Image  Energy-(eV)  Dist 
  1   -8859.0510  0.0000
  2   -8859.0411  0.1970
  3   -8859.0083  0.2141
  4   -8858.9857  0.2205
  5   -8859.0062  0.2312
  6   -8859.0414  0.2609
  7   -8859.0226  0.2204
  8   -8858.9938  0.2620
  9   -8858.9896  0.2847
 10   -8859.0113  0.2840
 11   -8859.0399  0.2761
 12   -8859.0510  0.2904

VCNEB Calcualtion Step   55

Image  Energy-(eV)  Dist 
  1   -8859.0510  0.0000
  2   -8859.0411  0.1967
  3   -8859.0084  0.2140
  4   -8858.9857  0.2205
  5   -8859.0061  0.2314
  6   -8859.0414  0.2609
  7   -8859.0227  0.2200
  8   -8858.9938  0.2617
  9   -8858.9896  0.2849
 10   -8859.0113  0.2843
 11   -8859.0398  0.2763
 12   -8859.0510  0.2908

VCNEB Calcualtion Step   56

Image  Energy-(eV)  Dist 
  1   -8859.0510  0.0000
  2   -8859.0412  0.1964
  3   -8859.0085  0.2140
  4   -8858.9857  0.2206
  5   -8859.0060  0.2316
  6   -8859.0414  0.2609
  7   -8859.0227  0.2195
  8   -8858.9939  0.2614
  9   -8858.9896  0.2851
 10   -8859.0112  0.2845
 11   -8859.0398  0.2765
 12   -8859.0510  0.2911

VCNEB Calcualtion Step   57

Image  Energy-(eV)  Dist 
  1   -8859.0510  0.0000
  2   -8859.0413  0.1961
  3   -8859.0086  0.2139
  4   -8858.9857  0.2207
  5   -8859.0059  0.2318
  6   -8859.0414  0.2609
  7   -8859.0228  0.2191
  8   -8858.9940  0.2612
  9   -8858.9895  0.2853
 10   -8859.0112  0.2848
 11   -8859.0398  0.2768
 12   -8859.0510  0.2914

VCNEB Calcualtion Step   58

Image  Energy-(eV)  Dist 
  1   -8859.0510  0.0000
  2   -8859.0413  0.1958
  3   -8859.0087  0.2138
  4   -8858.9857  0.2208
  5   -8859.0058  0.2320
  6   -8859.0414  0.2608
  7   -8859.0229  0.2187
  8   -8858.9940  0.2609
  9   -8858.9895  0.2854
 10   -8859.0111  0.2851
 11   -8859.0397  0.2770
 12   -8859.0510  0.2917

VCNEB Calcualtion Step   59

Image  Energy-(eV)  Dist 
  1   -8859.0510  0.0000
  2   -8859.0414  0.1956
  3   -8859.0088  0.2137
  4   -8858.9857  0.2209
  5   -8859.0057  0.2322
  6   -8859.0414  0.2608
  7   -8859.0229  0.2182
  8   -8858.9941  0.2606
  9   -8858.9895  0.2856
 10   -8859.0110  0.2854
 11   -8859.0397  0.2772
 12   -8859.0510  0.2921

VCNEB Calcualtion Step   60

Image  Energy-(eV)  Dist 
  1   -8859.0510  0.0000
  2   -8859.0414  0.1953
  3   -8859.0089  0.2136
  4   -8858.9857  0.2210
  5   -8859.0056  0.2324
  6   -8859.0413  0.2608
  7   -8859.0230  0.2178
  8   -8858.9942  0.2604
  9   -8858.9895  0.2858
 10   -8859.0110  0.2857
 11   -8859.0397  0.2775
 12   -8859.0510  0.2924

VCNEB Calcualtion Step   61

Image  Energy-(eV)  Dist 
  1   -8859.0510  0.0000
  2   -8859.0415  0.1950
  3   -8859.0090  0.2135
  4   -8858.9857  0.2210
  5   -8859.0055  0.2326
  6   -8859.0413  0.2608
  7   -8859.0231  0.2174
  8   -8858.9942  0.2601
  9   -8858.9894  0.2859
 10   -8859.0109  0.2859
 11   -8859.0396  0.2777
 12   -8859.0510  0.2927

VCNEB Calcualtion Step   62

Image  Energy-(eV)  Dist 
  1   -8859.0510  0.0000
  2   -8859.0416  0.1947
  3   -8859.0091  0.2134
  4   -8858.9857  0.2211
  5   -8859.0054  0.2327
  6   -8859.0413  0.2608
  7   -8859.0232  0.2170
  8   -8858.9943  0.2598
  9   -8858.9894  0.2861
 10   -8859.0109  0.2862
 11   -8859.0396  0.2779
 12   -8859.0510  0.2930

VCNEB Calcualtion Step   63

Image  Energy-(eV)  Dist 
  1   -8859.0510  0.0000
  2   -8859.0416  0.1945
  3   -8859.0092  0.2134
  4   -8858.9857  0.2212
  5   -8859.0053  0.2329
  6   -8859.0413  0.2608
  7   -8859.0232  0.2166
  8   -8858.9943  0.2595
  9   -8858.9894  0.2862
 10   -8859.0108  0.2865
 11   -8859.0395  0.2782
 12   -8859.0510  0.2933

VCNEB Calcualtion Step   64

Image  Energy-(eV)  Dist 
  1   -8859.0510  0.0000
  2   -8859.0417  0.1942
  3   -8859.0093  0.2133
  4   -8858.9857  0.2213
  5   -8859.0052  0.2331
  6   -8859.0413  0.2608
  7   -8859.0233  0.2162
  8   -8858.9944  0.2593
  9   -8858.9893  0.2864
 10   -8859.0107  0.2867
 11   -8859.0395  0.2784
 12   -8859.0510  0.2936

VCNEB Calcualtion Step   65

Image  Energy-(eV)  Dist 
  1   -8859.0510  0.0000
  2   -8859.0417  0.1939
  3   -8859.0094  0.2132
  4   -8858.9857  0.2213
  5   -8859.0051  0.2333
  6   -8859.0413  0.2608
  7   -8859.0234  0.2158
  8   -8858.9945  0.2590
  9   -8858.9893  0.2865
 10   -8859.0107  0.2870
 11   -8859.0395  0.2787
 12   -8859.0510  0.2939

VCNEB Calcualtion Step   66

Image  Energy-(eV)  Dist 
  1   -8859.0510  0.0000
  2   -8859.0418  0.1936
  3   -8859.0095  0.2131
  4   -8858.9857  0.2214
  5   -8859.0050  0.2334
  6   -8859.0412  0.2608
  7   -8859.0234  0.2154
  8   -8858.9945  0.2587
  9   -8858.9893  0.2866
 10   -8859.0106  0.2873
 11   -8859.0394  0.2789
 12   -8859.0510  0.2942

VCNEB Calcualtion Step   67

Image  Energy-(eV)  Dist 
  1   -8859.0510  0.0000
  2   -8859.0419  0.1934
  3   -8859.0096  0.2130
  4   -8858.9857  0.2215
  5   -8859.0049  0.2336
  6   -8859.0412  0.2608
  7   -8859.0235  0.2150
  8   -8858.9946  0.2584
  9   -8858.9892  0.2868
 10   -8859.0105  0.2876
 11   -8859.0394  0.2791
 12   -8859.0510  0.2945

VCNEB Calcualtion Step   68

Image  Energy-(eV)  Dist 
  1   -8859.0510  0.0000
  2   -8859.0419  0.1931
  3   -8859.0096  0.2129
  4   -8858.9857  0.2215
  5   -8859.0048  0.2338
  6   -8859.0412  0.2608
  7   -8859.0236  0.2147
  8   -8858.9947  0.2581
  9   -8858.9892  0.2869
 10   -8859.0105  0.2878
 11   -8859.0394  0.2794
 12   -8859.0510  0.2948

VCNEB Calcualtion Step   69

Image  Energy-(eV)  Dist 
  1   -8859.0510  0.0000
  2   -8859.0420  0.1929
  3   -8859.0097  0.2128
  4   -8858.9858  0.2216
  5   -8859.0047  0.2339
  6   -8859.0412  0.2608
  7   -8859.0236  0.2143
  8   -8858.9947  0.2578
  9   -8858.9892  0.2870
 10   -8859.0104  0.2881
 11   -8859.0393  0.2796
 12   -8859.0510  0.2952

VCNEB Calcualtion Step   70

Image  Energy-(eV)  Dist 
  1   -8859.0510  0.0000
  2   -8859.0420  0.1926
  3   -8859.0098  0.2127
  4   -8858.9858  0.2217
  5   -8859.0046  0.2341
  6   -8859.0412  0.2608
  7   -8859.0237  0.2139
  8   -8858.9948  0.2575
  9   -8858.9891  0.2872
 10   -8859.0103  0.2884
 11   -8859.0393  0.2799
 12   -8859.0510  0.2955

VCNEB Calcualtion Step   71

Image  Energy-(eV)  Dist 
  1   -8859.0510  0.0000
  2   -8859.0421  0.1923
  3   -8859.0099  0.2126
  4   -8858.9858  0.2217
  5   -8859.0045  0.2342
  6   -8859.0412  0.2608
  7   -8859.0238  0.2136
  8   -8858.9948  0.2572
  9   -8858.9891  0.2873
 10   -8859.0103  0.2886
 11   -8859.0392  0.2801
 12   -8859.0510  0.2958

VCNEB Calcualtion Step   72

Image  Energy-(eV)  Dist 
  1   -8859.0510  0.0000
  2   -8859.0421  0.1921
  3   -8859.0100  0.2125
  4   -8858.9858  0.2218
  5   -8859.0044  0.2344
  6   -8859.0411  0.2608
  7   -8859.0238  0.2132
  8   -8858.9949  0.2570
  9   -8858.9891  0.2874
 10   -8859.0102  0.2889
 11   -8859.0392  0.2804
 12   -8859.0510  0.2961

VCNEB Calcualtion Step   73

Image  Energy-(eV)  Dist 
  1   -8859.0510  0.0000
  2   -8859.0422  0.1918
  3   -8859.0101  0.2124
  4   -8858.9858  0.2219
  5   -8859.0043  0.2346
  6   -8859.0411  0.2608
  7   -8859.0239  0.2129
  8   -8858.9950  0.2567
  9   -8858.9890  0.2875
 10   -8859.0101  0.2892
 11   -8859.0392  0.2806
 12   -8859.0510  0.2963

VCNEB Calcualtion Step   74

Image  Energy-(eV)  Dist 
  1   -8859.0510  0.0000
  2   -8859.0422  0.1916
  3   -8859.0102  0.2123
  4   -8858.9858  0.2219
  5   -8859.0042  0.2347
  6   -8859.0411  0.2608
  7   -8859.0239  0.2125
  8   -8858.9950  0.2564
  9   -8858.9890  0.2876
 10   -8859.0101  0.2894
 11   -8859.0391  0.2809
 12   -8859.0510  0.2966

VCNEB Calcualtion Step   75

Image  Energy-(eV)  Dist 
  1   -8859.0510  0.0000
  2   -8859.0423  0.1913
  3   -8859.0103  0.2122
  4   -8858.9858  0.2220
  5   -8859.0041  0.2349
  6   -8859.0411  0.2608
  7   -8859.0240  0.2122
  8   -8858.9951  0.2561
  9   -8858.9890  0.2877
 10   -8859.0100  0.2897
 11   -8859.0391  0.2811
 12   -8859.0510  0.2969

VCNEB Calcualtion Step   76

Image  Energy-(eV)  Dist 
  1   -8859.0510  0.0000
  2   -8859.0423  0.1911
  3   -8859.0104  0.2121
  4   -8858.9858  0.2220
  5   -8859.0040  0.2350
  6   -8859.0411  0.2609
  7   -8859.0241  0.2118
  8   -8858.9951  0.2558
  9   -8858.9889  0.2878
 10   -8859.0100  0.2899
 11   -8859.0391  0.2814
 12   -8859.0510  0.2972

VCNEB Calcualtion Step   77

Image  Energy-(eV)  Dist 
  1   -8859.0510  0.0000
  2   -8859.0424  0.1908
  3   -8859.0105  0.2120
  4   -8858.9858  0.2221
  5   -8859.0039  0.2352
  6   -8859.0410  0.2609
  7   -8859.0241  0.2115
  8   -8858.9952  0.2555
  9   -8858.9889  0.2879
 10   -8859.0099  0.2902
 11   -8859.0390  0.2816
 12   -8859.0510  0.2975

VCNEB Calcualtion Step   78

Image  Energy-(eV)  Dist 
  1   -8859.0510  0.0000
  2   -8859.0424  0.1906
  3   -8859.0106  0.2119
  4   -8858.9858  0.2222
  5   -8859.0038  0.2353
  6   -8859.0410  0.2609
  7   -8859.0242  0.2112
  8   -8858.9953  0.2552
  9   -8858.9889  0.2880
 10   -8859.0098  0.2905
 11   -8859.0390  0.2819
 12   -8859.0510  0.2978

VCNEB Calcualtion Step   79

Image  Energy-(eV)  Dist 
  1   -8859.0510  0.0000
  2   -8859.0425  0.1903
  3   -8859.0106  0.2118
  4   -8858.9858  0.2222
  5   -8859.0037  0.2355
  6   -8859.0410  0.2609
  7   -8859.0243  0.2109
  8   -8858.9953  0.2549
  9   -8858.9888  0.2881
 10   -8859.0098  0.2907
 11   -8859.0390  0.2821
 12   -8859.0510  0.2981

VCNEB Calcualtion Step   80

Image  Energy-(eV)  Dist 
  1   -8859.0510  0.0000
  2   -8859.0425  0.1901
  3   -8859.0107  0.2117
  4   -8858.9858  0.2223
  5   -8859.0036  0.2356
  6   -8859.0410  0.2609
  7   -8859.0243  0.2105
  8   -8858.9954  0.2546
  9   -8858.9888  0.2882
 10   -8859.0097  0.2910
 11   -8859.0389  0.2824
 12   -8859.0510  0.2984

VCNEB Calcualtion Step   81

Image  Energy-(eV)  Dist 
  1   -8859.0510  0.0000
  2   -8859.0426  0.1898
  3   -8859.0108  0.2116
  4   -8858.9858  0.2223
  5   -8859.0035  0.2357
  6   -8859.0410  0.2610
  7   -8859.0244  0.2102
  8   -8858.9954  0.2543
  9   -8858.9888  0.2883
 10   -8859.0096  0.2912
 11   -8859.0389  0.2826
 12   -8859.0510  0.2987

VCNEB Calcualtion Step   82

Image  Energy-(eV)  Dist 
  1   -8859.0510  0.0000
  2   -8859.0426  0.1896
  3   -8859.0109  0.2115
  4   -8858.9858  0.2224
  5   -8859.0034  0.2359
  6   -8859.0409  0.2610
  7   -8859.0244  0.2099
  8   -8858.9955  0.2540
  9   -8858.9887  0.2884
 10   -8859.0096  0.2915
 11   -8859.0389  0.2829
 12   -8859.0510  0.2990

VCNEB Calcualtion Step   83

Image  Energy-(eV)  Dist 
  1   -8859.0510  0.0000
  2   -8859.0427  0.1893
  3   -8859.0110  0.2114
  4   -8858.9858  0.2224
  5   -8859.0033  0.2360
  6   -8859.0409  0.2610
  7   -8859.0245  0.2096
  8   -8858.9956  0.2537
  9   -8858.9887  0.2885
 10   -8859.0095  0.2917
 11   -8859.0388  0.2831
 12   -8859.0510  0.2993

VCNEB Calcualtion Step   84

Image  Energy-(eV)  Dist 
  1   -8859.0510  0.0000
  2   -8859.0427  0.1891
  3   -8859.0111  0.2113
  4   -8858.9859  0.2224
  5   -8859.0032  0.2361
  6   -8859.0409  0.2611
  7   -8859.0246  0.2093
  8   -8858.9956  0.2534
  9   -8858.9887  0.2885
 10   -8859.0094  0.2920
 11   -8859.0388  0.2834
 12   -8859.0510  0.2995

VCNEB Calcualtion Step   85

Image  Energy-(eV)  Dist 
  1   -8859.0510  0.0000
  2   -8859.0427  0.1888
  3   -8859.0112  0.2112
  4   -8858.9859  0.2225
  5   -8859.0031  0.2363
  6   -8859.0409  0.2611
  7   -8859.0246  0.2090
  8   -8858.9957  0.2531
  9   -8858.9886  0.2886
 10   -8859.0093  0.2922
 11   -8859.0387  0.2837
 12   -8859.0510  0.2998

VCNEB Calcualtion Step   86

Image  Energy-(eV)  Dist 
  1   -8859.0510  0.0000
  2   -8859.0428  0.1886
  3   -8859.0112  0.2111
  4   -8858.9859  0.2225
  5   -8859.0030  0.2364
  6   -8859.0408  0.2611
  7   -8859.0247  0.2087
  8   -8858.9958  0.2528
  9   -8858.9886  0.2887
 10   -8859.0093  0.2925
 11   -8859.0387  0.2839
 12   -8859.0510  0.3001

VCNEB Calcualtion Step   87

Image  Energy-(eV)  Dist 
  1   -8859.0510  0.0000
  2   -8859.0428  0.1884
  3   -8859.0113  0.2110
  4   -8858.9859  0.2226
  5   -8859.0029  0.2365
  6   -8859.0408  0.2611
  7   -8859.0247  0.2084
  8   -8858.9958  0.2525
  9   -8858.9886  0.2888
 10   -8859.0092  0.2927
 11   -8859.0387  0.2842
 12   -8859.0510  0.3004

VCNEB Calcualtion Step   88

Image  Energy-(eV)  Dist 
  1   -8859.0510  0.0000
  2   -8859.0429  0.1881
  3   -8859.0114  0.2108
  4   -8858.9859  0.2226
  5   -8859.0028  0.2367
  6   -8859.0408  0.2612
  7   -8859.0248  0.2081
  8   -8858.9959  0.2522
  9   -8858.9885  0.2888
 10   -8859.0091  0.2930
 11   -8859.0386  0.2844
 12   -8859.0510  0.3007

VCNEB Calcualtion Step   89

Image  Energy-(eV)  Dist 
  1   -8859.0510  0.0000
  2   -8859.0429  0.1879
  3   -8859.0115  0.2107
  4   -8858.9859  0.2227
  5   -8859.0027  0.2368
  6   -8859.0408  0.2612
  7   -8859.0249  0.2078
  8   -8858.9959  0.2519
  9   -8858.9885  0.2889
 10   -8859.0091  0.2932
 11   -8859.0386  0.2847
 12   -8859.0510  0.3010

VCNEB Calcualtion Step   90

Image  Energy-(eV)  Dist 
  1   -8859.0510  0.0000
  2   -8859.0429  0.1877
  3   -8859.0116  0.2106
  4   -8858.9860  0.2227
  5   -8859.0026  0.2369
  6   -8859.0407  0.2612
  7   -8859.0249  0.2075
  8   -8858.9960  0.2516
  9   -8858.9885  0.2889
 10   -8859.0090  0.2935
 11   -8859.0386  0.2850
 12   -8859.0510  0.3013

VCNEB Calcualtion Step   91

Image  Energy-(eV)  Dist 
  1   -8859.0510  0.0000
  2   -8859.0430  0.1874
  3   -8859.0117  0.2105
  4   -8858.9860  0.2227
  5   -8859.0025  0.2371
  6   -8859.0407  0.2613
  7   -8859.0250  0.2072
  8   -8858.9961  0.2513
  9   -8858.9884  0.2890
 10   -8859.0089  0.2937
 11   -8859.0385  0.2852
 12   -8859.0510  0.3015

VCNEB Calcualtion Step   92

Image  Energy-(eV)  Dist 
  1   -8859.0510  0.0000
  2   -8859.0430  0.1872
  3   -8859.0118  0.2104
  4   -8858.9860  0.2228
  5   -8859.0024  0.2372
  6   -8859.0407  0.2613
  7   -8859.0250  0.2069
  8   -8858.9961  0.2510
  9   -8858.9884  0.2891
 10   -8859.0089  0.2940
 11   -8859.0385  0.2855
 12   -8859.0510  0.3018

VCNEB Calcualtion Step   93

Image  Energy-(eV)  Dist 
  1   -8859.0510  0.0000
  2   -8859.0431  0.1870
  3   -8859.0118  0.2103
  4   -8858.9860  0.2228
  5   -8859.0023  0.2373
  6   -8859.0406  0.2614
  7   -8859.0251  0.2067
  8   -8858.9962  0.2507
  9   -8858.9884  0.2891
 10   -8859.0088  0.2942
 11   -8859.0385  0.2857
 12   -8859.0510  0.3021

VCNEB Calcualtion Step   94

Image  Energy-(eV)  Dist 
  1   -8859.0510  0.0000
  2   -8859.0431  0.1867
  3   -8859.0119  0.2102
  4   -8858.9860  0.2228
  5   -8859.0023  0.2374
  6   -8859.0406  0.2614
  7   -8859.0252  0.2064
  8   -8858.9963  0.2503
  9   -8858.9883  0.2892
 10   -8859.0087  0.2945
 11   -8859.0384  0.2860
 12   -8859.0510  0.3024

VCNEB Calcualtion Step   95

Image  Energy-(eV)  Dist 
  1   -8859.0510  0.0000
  2   -8859.0431  0.1865
  3   -8859.0120  0.2101
  4   -8858.9860  0.2229
  5   -8859.0022  0.2375
  6   -8859.0406  0.2614
  7   -8859.0252  0.2061
  8   -8858.9963  0.2500
  9   -8858.9883  0.2892
 10   -8859.0087  0.2947
 11   -8859.0384  0.2863
 12   -8859.0510  0.3027

VCNEB Calcualtion Step   96

Image  Energy-(eV)  Dist 
  1   -8859.0510  0.0000
  2   -8859.0432  0.1863
  3   -8859.0121  0.2100
  4   -8858.9860  0.2229
  5   -8859.0021  0.2377
  6   -8859.0406  0.2615
  7   -8859.0253  0.2058
  8   -8858.9964  0.2497
  9   -8858.9883  0.2893
 10   -8859.0086  0.2949
 11   -8859.0384  0.2865
 12   -8859.0510  0.3029

VCNEB Calcualtion Step   97

Image  Energy-(eV)  Dist 
  1   -8859.0510  0.0000
  2   -8859.0432  0.1861
  3   -8859.0121  0.2099
  4   -8858.9861  0.2229
  5   -8859.0020  0.2378
  6   -8859.0405  0.2615
  7   -8859.0253  0.2056
  8   -8858.9965  0.2494
  9   -8858.9883  0.2893
 10   -8859.0085  0.2952
 11   -8859.0383  0.2868
 12   -8859.0510  0.3032

VCNEB Calcualtion Step   98

Image  Energy-(eV)  Dist 
  1   -8859.0510  0.0000
  2   -8859.0433  0.1858
  3   -8859.0122  0.2097
  4   -8858.9861  0.2230
  5   -8859.0019  0.2379
  6   -8859.0405  0.2615
  7   -8859.0254  0.2053
  8   -8858.9965  0.2491
  9   -8858.9882  0.2893
 10   -8859.0085  0.2954
 11   -8859.0383  0.2871
 12   -8859.0510  0.3035

VCNEB Calcualtion Step   99

Image  Energy-(eV)  Dist 
  1   -8859.0510  0.0000
  2   -8859.0433  0.1856
  3   -8859.0123  0.2096
  4   -8858.9861  0.2230
  5   -8859.0018  0.2380
  6   -8859.0405  0.2616
  7   -8859.0254  0.2050
  8   -8858.9966  0.2488
  9   -8858.9882  0.2894
 10   -8859.0084  0.2956
 11   -8859.0383  0.2873
 12   -8859.0510  0.3038

VCNEB Calcualtion Step  100

Image  Energy-(eV)  Dist 
  1   -8859.0510  0.0000
  2   -8859.0433  0.1854
  3   -8859.0124  0.2095
  4   -8858.9861  0.2230
  5   -8859.0017  0.2381
  6   -8859.0404  0.2616
  7   -8859.0255  0.2048
  8   -8858.9967  0.2485
  9   -8858.9882  0.2894
 10   -8859.0083  0.2959
 11   -8859.0382  0.2876
 12   -8859.0510  0.3041

VCNEB Calcualtion Step  101

Image  Energy-(eV)  Dist 
  1   -8859.0510  0.0000
  2   -8859.0434  0.1852
  3   -8859.0125  0.2094
  4   -8858.9861  0.2231
  5   -8859.0016  0.2382
  6   -8859.0404  0.2617
  7   -8859.0256  0.2045
  8   -8858.9967  0.2482
  9   -8858.9881  0.2894
 10   -8859.0083  0.2961
 11   -8859.0382  0.2878
 12   -8859.0510  0.3043

VCNEB Calcualtion Step  102

Image  Energy-(eV)  Dist 
  1   -8859.0510  0.0000
  2   -8859.0434  0.1849
  3   -8859.0125  0.2093
  4   -8858.9862  0.2231
  5   -8859.0015  0.2383
  6   -8859.0404  0.2617
  7   -8859.0256  0.2043
  8   -8858.9968  0.2479
  9   -8858.9881  0.2895
 10   -8859.0082  0.2963
 11   -8859.0382  0.2881
 12   -8859.0510  0.3046

VCNEB Calcualtion Step  103

Image  Energy-(eV)  Dist 
  1   -8859.0510  0.0000
  2   -8859.0434  0.1847
  3   -8859.0126  0.2092
  4   -8858.9862  0.2231
  5   -8859.0014  0.2384
  6   -8859.0403  0.2618
  7   -8859.0257  0.2040
  8   -8858.9968  0.2476
  9   -8858.9881  0.2895
 10   -8859.0081  0.2966
 11   -8859.0381  0.2884
 12   -8859.0510  0.3049

VCNEB Calcualtion Step  104

Image  Energy-(eV)  Dist 
  1   -8859.0510  0.0000
  2   -8859.0435  0.1845
  3   -8859.0127  0.2091
  4   -8858.9862  0.2231
  5   -8859.0013  0.2386
  6   -8859.0403  0.2618
  7   -8859.0257  0.2038
  8   -8858.9969  0.2473
  9   -8858.9880  0.2895
 10   -8859.0081  0.2968
 11   -8859.0381  0.2886
 12   -8859.0510  0.3052

VCNEB Calcualtion Step  105

Image  Energy-(eV)  Dist 
  1   -8859.0510  0.0000
  2   -8859.0435  0.1843
  3   -8859.0128  0.2090
  4   -8858.9862  0.2232
  5   -8859.0013  0.2387
  6   -8859.0403  0.2619
  7   -8859.0258  0.2035
  8   -8858.9970  0.2470
  9   -8858.9880  0.2895
 10   -8859.0080  0.2970
 11   -8859.0380  0.2889
 12   -8859.0510  0.3055

VCNEB Calcualtion Step  106

Image  Energy-(eV)  Dist 
  1   -8859.0510  0.0000
  2   -8859.0435  0.1841
  3   -8859.0128  0.2088
  4   -8858.9862  0.2232
  5   -8859.0012  0.2388
  6   -8859.0402  0.2619
  7   -8859.0258  0.2033
  8   -8858.9970  0.2467
  9   -8858.9880  0.2896
 10   -8859.0079  0.2973
 11   -8859.0380  0.2892
 12   -8859.0510  0.3057

VCNEB Calcualtion Step  107

Image  Energy-(eV)  Dist 
  1   -8859.0510  0.0000
  2   -8859.0436  0.1839
  3   -8859.0129  0.2087
  4   -8858.9863  0.2232
  5   -8859.0011  0.2389
  6   -8859.0402  0.2619
  7   -8859.0259  0.2030
  8   -8858.9971  0.2464
  9   -8858.9880  0.2896
 10   -8859.0079  0.2975
 11   -8859.0380  0.2894
 12   -8859.0510  0.3060

VCNEB Calcualtion Step  108

Image  Energy-(eV)  Dist 
  1   -8859.0510  0.0000
  2   -8859.0436  0.1837
  3   -8859.0130  0.2086
  4   -8858.9863  0.2232
  5   -8859.0010  0.2390
  6   -8859.0402  0.2620
  7   -8859.0259  0.2028
  8   -8858.9972  0.2461
  9   -8858.9879  0.2896
 10   -8859.0078  0.2977
 11   -8859.0379  0.2897
 12   -8859.0510  0.3063

VCNEB Calcualtion Step  109

Image  Energy-(eV)  Dist 
  1   -8859.0510  0.0000
  2   -8859.0436  0.1834
  3   -8859.0130  0.2085
  4   -8858.9863  0.2232
  5   -8859.0009  0.2391
  6   -8859.0401  0.2620
  7   -8859.0260  0.2025
  8   -8858.9972  0.2458
  9   -8858.9879  0.2896
 10   -8859.0077  0.2979
 11   -8859.0379  0.2900
 12   -8859.0510  0.3066

VCNEB Calcualtion Step  110

Image  Energy-(eV)  Dist 
  1   -8859.0510  0.0000
  2   -8859.0437  0.1832
  3   -8859.0131  0.2084
  4   -8858.9863  0.2233
  5   -8859.0008  0.2392
  6   -8859.0401  0.2621
  7   -8859.0260  0.2023
  8   -8858.9973  0.2455
  9   -8858.9879  0.2896
 10   -8859.0076  0.2982
 11   -8859.0379  0.2902
 12   -8859.0510  0.3068

VCNEB Calcualtion Step  111

Image  Energy-(eV)  Dist 
  1   -8859.0510  0.0000
  2   -8859.0437  0.1830
  3   -8859.0132  0.2083
  4   -8858.9864  0.2233
  5   -8859.0007  0.2393
  6   -8859.0401  0.2621
  7   -8859.0261  0.2021
  8   -8858.9974  0.2452
  9   -8858.9878  0.2896
 10   -8859.0076  0.2984
 11   -8859.0378  0.2905
 12   -8859.0510  0.3071

VCNEB Calcualtion Step  112

Image  Energy-(eV)  Dist 
  1   -8859.0510  0.0000
  2   -8859.0437  0.1828
  3   -8859.0133  0.2082
  4   -8858.9864  0.2233
  5   -8859.0006  0.2394
  6   -8859.0400  0.2622
  7   -8859.0262  0.2018
  8   -8858.9974  0.2449
  9   -8858.9878  0.2896
 10   -8859.0075  0.2986
 11   -8859.0378  0.2908
 12   -8859.0510  0.3074

VCNEB Calcualtion Step  113

Image  Energy-(eV)  Dist 
  1   -8859.0510  0.0000
  2   -8859.0438  0.1826
  3   -8859.0133  0.2080
  4   -8858.9864  0.2233
  5   -8859.0006  0.2395
  6   -8859.0400  0.2622
  7   -8859.0262  0.2016
  8   -8858.9975  0.2446
  9   -8858.9878  0.2896
 10   -8859.0074  0.2988
 11   -8859.0378  0.2910
 12   -8859.0510  0.3077

VCNEB Calcualtion Step  114

Image  Energy-(eV)  Dist 
  1   -8859.0510  0.0000
  2   -8859.0438  0.1824
  3   -8859.0134  0.2079
  4   -8858.9864  0.2233
  5   -8859.0005  0.2396
  6   -8859.0400  0.2623
  7   -8859.0263  0.2014
  8   -8858.9976  0.2443
  9   -8858.9878  0.2897
 10   -8859.0074  0.2991
 11   -8859.0377  0.2913
 12   -8859.0510  0.3079

VCNEB Calcualtion Step  115

Image  Energy-(eV)  Dist 
  1   -8859.0510  0.0000
  2   -8859.0438  0.1822
  3   -8859.0135  0.2078
  4   -8858.9864  0.2233
  5   -8859.0004  0.2397
  6   -8859.0399  0.2623
  7   -8859.0263  0.2011
  8   -8858.9976  0.2440
  9   -8858.9877  0.2897
 10   -8859.0073  0.2993
 11   -8859.0377  0.2916
 12   -8859.0510  0.3082

VCNEB Calcualtion Step  116

Image  Energy-(eV)  Dist 
  1   -8859.0510  0.0000
  2   -8859.0439  0.1820
  3   -8859.0136  0.2077
  4   -8858.9865  0.2234
  5   -8859.0003  0.2397
  6   -8859.0399  0.2624
  7   -8859.0264  0.2009
  8   -8858.9977  0.2436
  9   -8858.9877  0.2897
 10   -8859.0072  0.2995
 11   -8859.0377  0.2918
 12   -8859.0510  0.3085

VCNEB Calcualtion Step  117

Image  Energy-(eV)  Dist 
  1   -8859.0510  0.0000
  2   -8859.0439  0.1818
  3   -8859.0136  0.2076
  4   -8858.9865  0.2234
  5   -8859.0002  0.2398
  6   -8859.0399  0.2624
  7   -8859.0264  0.2007
  8   -8858.9978  0.2433
  9   -8858.9877  0.2897
 10   -8859.0072  0.2997
 11   -8859.0376  0.2921
 12   -8859.0510  0.3088

VCNEB Calcualtion Step  118

Image  Energy-(eV)  Dist 
  1   -8859.0510  0.0000
  2   -8859.0439  0.1816
  3   -8859.0137  0.2075
  4   -8858.9865  0.2234
  5   -8859.0001  0.2399
  6   -8859.0398  0.2625
  7   -8859.0265  0.2005
  8   -8858.9978  0.2430
  9   -8858.9877  0.2897
 10   -8859.0071  0.2999
 11   -8859.0376  0.2924
 12   -8859.0510  0.3090

VCNEB Calcualtion Step  119

Image  Energy-(eV)  Dist 
  1   -8859.0510  0.0000
  2   -8859.0440  0.1814
  3   -8859.0138  0.2073
  4   -8858.9865  0.2234
  5   -8859.0001  0.2400
  6   -8859.0398  0.2625
  7   -8859.0265  0.2003
  8   -8858.9979  0.2427
  9   -8858.9876  0.2896
 10   -8859.0070  0.3001
 11   -8859.0376  0.2926
 12   -8859.0510  0.3093

VCNEB Calcualtion Step  120

Image  Energy-(eV)  Dist 
  1   -8859.0510  0.0000
  2   -8859.0440  0.1812
  3   -8859.0138  0.2072
  4   -8858.9866  0.2234
  5   -8859.0000  0.2401
  6   -8859.0398  0.2626
  7   -8859.0266  0.2000
  8   -8858.9980  0.2424
  9   -8858.9876  0.2896
 10   -8859.0070  0.3003
 11   -8859.0375  0.2929
 12   -8859.0510  0.3096

VCNEB Calcualtion Step  121

Image  Energy-(eV)  Dist 
  1   -8859.0510  0.0000
  2   -8859.0440  0.1810
  3   -8859.0139  0.2071
  4   -8858.9866  0.2234
  5   -8858.9999  0.2402
  6   -8859.0397  0.2626
  7   -8859.0266  0.1998
  8   -8858.9980  0.2421
  9   -8858.9876  0.2896
 10   -8859.0069  0.3005
 11   -8859.0375  0.2932
 12   -8859.0510  0.3099

VCNEB Calcualtion Step  122

Image  Energy-(eV)  Dist 
  1   -8859.0510  0.0000
  2   -8859.0440  0.1808
  3   -8859.0140  0.2070
  4   -8858.9866  0.2234
  5   -8858.9998  0.2403
  6   -8859.0397  0.2627
  7   -8859.0267  0.1996
  8   -8858.9981  0.2418
  9   -8858.9876  0.2896
 10   -8859.0068  0.3008
 11   -8859.0375  0.2934
 12   -8859.0510  0.3101

VCNEB Calcualtion Step  123

Image  Energy-(eV)  Dist 
  1   -8859.0510  0.0000
  2   -8859.0441  0.1806
  3   -8859.0140  0.2069
  4   -8858.9867  0.2234
  5   -8858.9997  0.2404
  6   -8859.0397  0.2627
  7   -8859.0267  0.1994
  8   -8858.9982  0.2415
  9   -8858.9875  0.2896
 10   -8859.0068  0.3010
 11   -8859.0374  0.2937
 12   -8859.0510  0.3104

VCNEB Calcualtion Step  124

Image  Energy-(eV)  Dist 
  1   -8859.0510  0.0000
  2   -8859.0441  0.1804
  3   -8859.0141  0.2067
  4   -8858.9867  0.2234
  5   -8858.9997  0.2405
  6   -8859.0396  0.2628
  7   -8859.0268  0.1992
  8   -8858.9982  0.2412
  9   -8858.9875  0.2896
 10   -8859.0067  0.3012
 11   -8859.0374  0.2940
 12   -8859.0510  0.3107

VCNEB Calcualtion Step  125

Image  Energy-(eV)  Dist 
  1   -8859.0510  0.0000
  2   -8859.0441  0.1802
  3   -8859.0142  0.2066
  4   -8858.9867  0.2234
  5   -8858.9996  0.2405
  6   -8859.0396  0.2629
  7   -8859.0268  0.1990
  8   -8858.9983  0.2409
  9   -8858.9875  0.2896
 10   -8859.0066  0.3014
 11   -8859.0374  0.2942
 12   -8859.0510  0.3110

VCNEB Calcualtion Step  126

Image  Energy-(eV)  Dist 
  1   -8859.0510  0.0000
  2   -8859.0442  0.1800
  3   -8859.0142  0.2065
  4   -8858.9867  0.2235
  5   -8858.9995  0.2406
  6   -8859.0395  0.2629
  7   -8859.0269  0.1988
  8   -8858.9984  0.2406
  9   -8858.9875  0.2896
 10   -8859.0066  0.3016
 11   -8859.0373  0.2945
 12   -8859.0510  0.3113

VCNEB Calcualtion Step  127

Image  Energy-(eV)  Dist 
  1   -8859.0510  0.0000
  2   -8859.0442  0.1798
  3   -8859.0143  0.2064
  4   -8858.9868  0.2235
  5   -8858.9994  0.2407
  6   -8859.0395  0.2630
  7   -8859.0269  0.1986
  8   -8858.9984  0.2403
  9   -8858.9875  0.2895
 10   -8859.0065  0.3018
 11   -8859.0373  0.2948
 12   -8859.0510  0.3115

VCNEB Calcualtion Step  128

Image  Energy-(eV)  Dist 
  1   -8859.0510  0.0000
  2   -8859.0442  0.1796
  3   -8859.0144  0.2063
  4   -8858.9868  0.2235
  5   -8858.9994  0.2408
  6   -8859.0395  0.2630
  7   -8859.0270  0.1984
  8   -8858.9985  0.2400
  9   -8858.9874  0.2895
 10   -8859.0064  0.3020
 11   -8859.0373  0.2950
 12   -8859.0510  0.3118

VCNEB Calcualtion Step  129

Image  Energy-(eV)  Dist 
  1   -8859.0510  0.0000
  2   -8859.0442  0.1794
  3   -8859.0144  0.2062
  4   -8858.9868  0.2235
  5   -8858.9993  0.2409
  6   -8859.0394  0.2631
  7   -8859.0270  0.1981
  8   -8858.9986  0.2397
  9   -8858.9874  0.2895
 10   -8859.0064  0.3022
 11   -8859.0372  0.2953
 12   -8859.0510  0.3121

VCNEB Calcualtion Step  130

Image  Energy-(eV)  Dist 
  1   -8859.0510  0.0000
  2   -8859.0443  0.1792
  3   -8859.0145  0.2060
  4   -8858.9869  0.2235
  5   -8858.9992  0.2410
  6   -8859.0394  0.2631
  7   -8859.0271  0.1979
  8   -8858.9986  0.2394
  9   -8858.9874  0.2895
 10   -8859.0063  0.3024
 11   -8859.0372  0.2956
 12   -8859.0510  0.3124

VCNEB Calcualtion Step  131

Image  Energy-(eV)  Dist 
  1   -8859.0510  0.0000
  2   -8859.0443  0.1790
  3   -8859.0146  0.2059
  4   -8858.9869  0.2235
  5   -8858.9991  0.2410
  6   -8859.0393  0.2632
  7   -8859.0271  0.1977
  8   -8858.9987  0.2391
  9   -8858.9874  0.2894
 10   -8859.0062  0.3026
 11   -8859.0372  0.2958
 12   -8859.0510  0.3126

VCNEB Calcualtion Step  132

Image  Energy-(eV)  Dist 
  1   -8859.0510  0.0000
  2   -8859.0443  0.1789
  3   -8859.0146  0.2058
  4   -8858.9869  0.2235
  5   -8858.9990  0.2411
  6   -8859.0393  0.2632
  7   -8859.0272  0.1975
  8   -8858.9988  0.2388
  9   -8858.9874  0.2894
 10   -8859.0062  0.3028
 11   -8859.0371  0.2961
 12   -8859.0510  0.3129

VCNEB Calcualtion Step  133

Image  Energy-(eV)  Dist 
  1   -8859.0510  0.0000
  2   -8859.0443  0.1787
  3   -8859.0147  0.2057
  4   -8858.9869  0.2235
  5   -8858.9990  0.2412
  6   -8859.0393  0.2633
  7   -8859.0272  0.1973
  8   -8858.9988  0.2385
  9   -8858.9873  0.2894
 10   -8859.0061  0.3030
 11   -8859.0371  0.2964
 12   -8859.0510  0.3132

VCNEB Calcualtion Step  134

Image  Energy-(eV)  Dist 
  1   -8859.0510  0.0000
  2   -8859.0444  0.1785
  3   -8859.0147  0.2056
  4   -8858.9870  0.2235
  5   -8858.9989  0.2413
  6   -8859.0392  0.2633
  7   -8859.0273  0.1972
  8   -8858.9989  0.2382
  9   -8858.9873  0.2894
 10   -8859.0060  0.3032
 11   -8859.0370  0.2966
 12   -8859.0510  0.3135

VCNEB Calcualtion Step  135

Image  Energy-(eV)  Dist 
  1   -8859.0510  0.0000
  2   -8859.0444  0.1783
  3   -8859.0148  0.2054
  4   -8858.9870  0.2235
  5   -8858.9988  0.2413
  6   -8859.0392  0.2634
  7   -8859.0273  0.1970
  8   -8858.9990  0.2380
  9   -8858.9873  0.2893
 10   -8859.0060  0.3034
 11   -8859.0370  0.2969
 12   -8859.0510  0.3138

VCNEB Calcualtion Step  136

Image  Energy-(eV)  Dist 
  1   -8859.0510  0.0000
  2   -8859.0444  0.1781
  3   -8859.0149  0.2053
  4   -8858.9870  0.2235
  5   -8858.9988  0.2414
  6   -8859.0391  0.2634
  7   -8859.0274  0.1968
  8   -8858.9990  0.2377
  9   -8858.9873  0.2893
 10   -8859.0059  0.3036
 11   -8859.0370  0.2972
 12   -8859.0510  0.3140

VCNEB Calcualtion Step  137

Image  Energy-(eV)  Dist 
  1   -8859.0510  0.0000
  2   -8859.0444  0.1779
  3   -8859.0149  0.2052
  4   -8858.9871  0.2235
  5   -8858.9987  0.2415
  6   -8859.0391  0.2635
  7   -8859.0274  0.1966
  8   -8858.9991  0.2374
  9   -8858.9873  0.2892
 10   -8859.0058  0.3037
 11   -8859.0369  0.2974
 12   -8859.0510  0.3143

VCNEB Calcualtion Step  138

Image  Energy-(eV)  Dist 
  1   -8859.0510  0.0000
  2   -8859.0445  0.1777
  3   -8859.0150  0.2051
  4   -8858.9871  0.2235
  5   -8858.9986  0.2416
  6   -8859.0391  0.2636
  7   -8859.0275  0.1964
  8   -8858.9992  0.2371
  9   -8858.9872  0.2892
 10   -8859.0058  0.3039
 11   -8859.0369  0.2977
 12   -8859.0510  0.3146

VCNEB Calcualtion Step  139

Image  Energy-(eV)  Dist 
  1   -8859.0510  0.0000
  2   -8859.0445  0.1776
  3   -8859.0151  0.2050
  4   -8858.9871  0.2235
  5   -8858.9985  0.2416
  6   -8859.0390  0.2636
  7   -8859.0275  0.1962
  8   -8858.9992  0.2368
  9   -8858.9872  0.2892
 10   -8859.0057  0.3041
 11   -8859.0369  0.2980
 12   -8859.0510  0.3149

VCNEB Calcualtion Step  140

Image  Energy-(eV)  Dist 
  1   -8859.0510  0.0000
  2   -8859.0445  0.1774
  3   -8859.0151  0.2048
  4   -8858.9872  0.2235
  5   -8858.9985  0.2417
  6   -8859.0390  0.2637
  7   -8859.0276  0.1960
  8   -8858.9993  0.2365
  9   -8858.9872  0.2891
 10   -8859.0056  0.3043
 11   -8859.0368  0.2982
 12   -8859.0510  0.3151

VCNEB Calcualtion Step  141

Image  Energy-(eV)  Dist 
  1   -8859.0510  0.0000
  2   -8859.0445  0.1772
  3   -8859.0152  0.2047
  4   -8858.9872  0.2235
  5   -8858.9984  0.2418
  6   -8859.0389  0.2637
  7   -8859.0276  0.1958
  8   -8858.9994  0.2362
  9   -8858.9872  0.2891
 10   -8859.0056  0.3045
 11   -8859.0368  0.2985
 12   -8859.0510  0.3154

VCNEB Calcualtion Step  142

Image  Energy-(eV)  Dist 
  1   -8859.0510  0.0000
  2   -8859.0445  0.1770
  3   -8859.0152  0.2046
  4   -8858.9872  0.2234
  5   -8858.9983  0.2418
  6   -8859.0389  0.2638
  7   -8859.0277  0.1956
  8   -8858.9994  0.2359
  9   -8858.9872  0.2890
 10   -8859.0055  0.3047
 11   -8859.0368  0.2988
 12   -8859.0510  0.3157

VCNEB Calcualtion Step  143

Image  Energy-(eV)  Dist 
  1   -8859.0510  0.0000
  2   -8859.0446  0.1768
  3   -8859.0153  0.2045
  4   -8858.9872  0.2234
  5   -8858.9982  0.2419
  6   -8859.0389  0.2638
  7   -8859.0277  0.1955
  8   -8858.9995  0.2356
  9   -8858.9871  0.2890
 10   -8859.0054  0.3049
 11   -8859.0367  0.2990
 12   -8859.0510  0.3160

VCNEB Calcualtion Step  144

Image  Energy-(eV)  Dist 
  1   -8859.0510  0.0000
  2   -8859.0446  0.1767
  3   -8859.0154  0.2044
  4   -8858.9873  0.2234
  5   -8858.9982  0.2420
  6   -8859.0388  0.2639
  7   -8859.0277  0.1953
  8   -8858.9996  0.2353
  9   -8858.9871  0.2890
 10   -8859.0054  0.3051
 11   -8859.0367  0.2993
 12   -8859.0510  0.3163

VCNEB Calcualtion Step  145

Image  Energy-(eV)  Dist 
  1   -8859.0510  0.0000
  2   -8859.0446  0.1765
  3   -8859.0154  0.2042
  4   -8858.9873  0.2234
  5   -8858.9981  0.2420
  6   -8859.0388  0.2640
  7   -8859.0278  0.1951
  8   -8858.9996  0.2350
  9   -8858.9871  0.2889
 10   -8859.0053  0.3053
 11   -8859.0367  0.2996
 12   -8859.0510  0.3165

VCNEB Calcualtion Step  146

Image  Energy-(eV)  Dist 
  1   -8859.0510  0.0000
  2   -8859.0446  0.1763
  3   -8859.0155  0.2041
  4   -8858.9873  0.2234
  5   -8858.9980  0.2421
  6   -8859.0387  0.2640
  7   -8859.0278  0.1949
  8   -8858.9997  0.2347
  9   -8858.9871  0.2889
 10   -8859.0053  0.3054
 11   -8859.0366  0.2998
 12   -8859.0510  0.3168

VCNEB Calcualtion Step  147

Image  Energy-(eV)  Dist 
  1   -8859.0510  0.0000
  2   -8859.0447  0.1761
  3   -8859.0155  0.2040
  4   -8858.9874  0.2234
  5   -8858.9980  0.2422
  6   -8859.0387  0.2641
  7   -8859.0279  0.1947
  8   -8858.9998  0.2344
  9   -8858.9871  0.2888
 10   -8859.0052  0.3056
 11   -8859.0366  0.3001
 12   -8859.0510  0.3171

VCNEB Calcualtion Step  148

Image  Energy-(eV)  Dist 
  1   -8859.0510  0.0000
  2   -8859.0447  0.1759
  3   -8859.0156  0.2039
  4   -8858.9874  0.2234
  5   -8858.9979  0.2422
  6   -8859.0386  0.2641
  7   -8859.0279  0.1946
  8   -8858.9998  0.2341
  9   -8858.9871  0.2887
 10   -8859.0051  0.3058
 11   -8859.0366  0.3004
 12   -8859.0510  0.3174

VCNEB Calcualtion Step  149

Image  Energy-(eV)  Dist 
  1   -8859.0510  0.0000
  2   -8859.0447  0.1758
  3   -8859.0156  0.2038
  4   -8858.9874  0.2234
  5   -8858.9978  0.2423
  6   -8859.0386  0.2642
  7   -8859.0280  0.1944
  8   -8858.9999  0.2338
  9   -8858.9871  0.2887
 10   -8859.0051  0.3060
 11   -8859.0365  0.3006
 12   -8859.0510  0.3177

VCNEB Calcualtion Step  150

Image  Energy-(eV)  Dist 
  1   -8859.0510  0.0000
  2   -8859.0447  0.1756
  3   -8859.0157  0.2036
  4   -8858.9875  0.2234
  5   -8858.9978  0.2424
  6   -8859.0386  0.2642
  7   -8859.0280  0.1942
  8   -8859.0000  0.2336
  9   -8858.9870  0.2886
 10   -8859.0050  0.3062
 11   -8859.0365  0.3009
 12   -8859.0510  0.3179

VCNEB Calcualtion Step  151

Image  Energy-(eV)  Dist 
  1   -8859.0510  0.0000
  2   -8859.0447  0.1754
  3   -8859.0158  0.2035
  4   -8858.9875  0.2234
  5   -8858.9977  0.2424
  6   -8859.0385  0.2643
  7   -8859.0281  0.1940
  8   -8859.0000  0.2333
  9   -8858.9870  0.2886
 10   -8859.0049  0.3063
 11   -8859.0365  0.3012
 12   -8859.0510  0.3182

VCNEB Calcualtion Step  152

Image  Energy-(eV)  Dist 
  1   -8859.0510  0.0000
  2   -8859.0448  0.1752
  3   -8859.0158  0.2034
  4   -8858.9875  0.2234
  5   -8858.9976  0.2425
  6   -8859.0385  0.2643
  7   -8859.0281  0.1939
  8   -8859.0001  0.2330
  9   -8858.9870  0.2885
 10   -8859.0049  0.3065
 11   -8859.0364  0.3014
 12   -8859.0510  0.3185

VCNEB Calcualtion Step  153

Image  Energy-(eV)  Dist 
  1   -8859.0510  0.0000
  2   -8859.0448  0.1751
  3   -8859.0159  0.2033
  4   -8858.9876  0.2234
  5   -8858.9976  0.2426
  6   -8859.0384  0.2644
  7   -8859.0282  0.1937
  8   -8859.0002  0.2327
  9   -8858.9870  0.2885
 10   -8859.0048  0.3067
 11   -8859.0364  0.3017
 12   -8859.0510  0.3188

VCNEB Calcualtion Step  154

Image  Energy-(eV)  Dist 
  1   -8859.0510  0.0000
  2   -8859.0448  0.1749
  3   -8859.0159  0.2032
  4   -8858.9876  0.2233
  5   -8858.9975  0.2426
  6   -8859.0384  0.2645
  7   -8859.0282  0.1935
  8   -8859.0002  0.2324
  9   -8858.9870  0.2884
 10   -8859.0048  0.3069
 11   -8859.0364  0.3020
 12   -8859.0510  0.3191

VCNEB Calcualtion Step  155

Image  Energy-(eV)  Dist 
  1   -8859.0510  0.0000
  2   -8859.0448  0.1747
  3   -8859.0160  0.2030
  4   -8858.9876  0.2233
  5   -8858.9974  0.2427
  6   -8859.0383  0.2645
  7   -8859.0283  0.1934
  8   -8859.0003  0.2321
  9   -8858.9870  0.2883
 10   -8859.0047  0.3070
 11   -8859.0363  0.3022
 12   -8859.0510  0.3194

VCNEB Calcualtion Step  156

Image  Energy-(eV)  Dist 
  1   -8859.0510  0.0000
  2   -8859.0448  0.1746
  3   -8859.0160  0.2029
  4   -8858.9877  0.2233
  5   -8858.9974  0.2427
  6   -8859.0383  0.2646
  7   -8859.0283  0.1932
  8   -8859.0004  0.2318
  9   -8858.9870  0.2883
 10   -8859.0046  0.3072
 11   -8859.0363  0.3025
 12   -8859.0510  0.3196

VCNEB Calcualtion Step  157

Image  Energy-(eV)  Dist 
  1   -8859.0510  0.0000
  2   -8859.0449  0.1744
  3   -8859.0161  0.2028
  4   -8858.9877  0.2233
  5   -8858.9973  0.2428
  6   -8859.0383  0.2646
  7   -8859.0283  0.1930
  8   -8859.0004  0.2315
  9   -8858.9870  0.2882
 10   -8859.0046  0.3074
 11   -8859.0363  0.3028
 12   -8859.0510  0.3199

VCNEB Calcualtion Step  158

Image  Energy-(eV)  Dist 
  1   -8859.0510  0.0000
  2   -8859.0449  0.1742
  3   -8859.0162  0.2027
  4   -8858.9877  0.2233
  5   -8858.9972  0.2429
  6   -8859.0382  0.2647
  7   -8859.0284  0.1929
  8   -8859.0005  0.2313
  9   -8858.9869  0.2881
 10   -8859.0045  0.3075
 11   -8859.0362  0.3030
 12   -8859.0510  0.3202

VCNEB Calcualtion Step  159

Image  Energy-(eV)  Dist 
  1   -8859.0510  0.0000
  2   -8859.0449  0.1741
  3   -8859.0162  0.2026
  4   -8858.9878  0.2233
  5   -8858.9972  0.2429
  6   -8859.0382  0.2648
  7   -8859.0284  0.1927
  8   -8859.0006  0.2310
  9   -8858.9869  0.2881
 10   -8859.0044  0.3077
 11   -8859.0362  0.3033
 12   -8859.0510  0.3205

VCNEB Calcualtion Step  160

Image  Energy-(eV)  Dist 
  1   -8859.0510  0.0000
  2   -8859.0449  0.1739
  3   -8859.0163  0.2024
  4   -8858.9878  0.2233
  5   -8858.9971  0.2430
  6   -8859.0381  0.2648
  7   -8859.0285  0.1925
  8   -8859.0006  0.2307
  9   -8858.9869  0.2880
 10   -8859.0044  0.3079
 11   -8859.0362  0.3036
 12   -8859.0510  0.3208
