VCNEB Calcualtion Step  160

 Image    a        b        c      alpha    beta   gamma  
   1   3.2693   3.2693   5.1235,   90.000  90.000 120.000
   2   3.3010   3.3010   4.9972,   90.036  89.964 119.989
   3   3.3406   3.3406   4.8369,   90.010  89.990 120.034
   4   3.3856   3.3856   4.6496,   89.948  90.052 120.131
   5   3.4341   3.4341   4.4455,   89.904  90.096 120.211
   6   3.4712   3.4712   4.3015,   89.985  90.015 120.087
   7   3.4595   3.4595   4.3361,   90.002  89.999 119.990
   8   3.4278   3.4278   4.4562,   89.999  90.001 119.930
   9   3.3880   3.3880   4.6213,   89.994  90.006 119.875
  10   3.3475   3.3475   4.7955,   89.990  90.010 119.859
  11   3.3090   3.3090   4.9591,   89.989  90.011 119.886
  12   3.2696   3.2696   5.1225,   90.000  90.000 120.000
