&control
  calculation ='scf'
  restart_mode ='from_scratch',
  prefix       ='ZnO',
  outdir='./temp'
  pseudo_dir='./GBRV_PBEsol'
  disk_io='low'
  etot_conv_thr=1.D-7,
  forc_conv_thr=1.D-6,
  verbosity    ='high',
  tprnfor=.t.
  tstress=.t.
  nstep=200
!  tefield = .true.
!  dipfield = .true.

 /
&system
  nosym = .true.,
  ibrav= 0,
  nat=  72,
  ntyp= 3,
  tot_charge = 0.0
  ecutwfc =  60,
  ecutrho = 500,
  occupations='smearing', smearing='mv', degauss=0.001,
!  eamp = 0.0
!  edir = 3
!  emaxpos = 0.1
!  eopreg = 0.05

!  input_dft='hse', nqx1=2, nqx2=2, nqx3=1,
!  x_gamma_extrapolation = .true.
!  vdw_corr = DFT-D3
/

&electrons
    mixing_mode = 'plain'
    mixing_beta = 0.5,
    conv_thr =  1.0d-8
!   Startingpot = 'file'
!   Startingwfc = 'file'
/

&IONS
  upscale           = 100.D0,
/

&CELL
  cell_dynamics     = 'bfgs'
  press_conv_thr    = 0.5d0
  cell_dofree = 'z'
/

ATOMIC_SPECIES
Zn 65.38   zn_pbesol_v1.uspp.F.UPF
O  15.999  o_pbesol_v1.2.uspp.F.UPF
Mg 24.305   mg_pbesol_v1.4.uspp.F.UPF

K_POINTS {automatic}
4 4 4 0 0 0 

CELL_PARAMETERS (angstrom)
   9.734857490  -0.011377777  -0.001978887
  -4.877266184   8.443328129   0.001698599
  -0.002584960   0.001066097   9.450417583

ATOMIC_POSITIONS (crystal)
Zn       0.226449670   0.113246319   0.251443060    1   1   0
Zn       0.227772678   0.114595209   0.755669578    1   1   0
Zn       0.221836386   0.443557691   0.253443822    1   1   0
Zn       0.222647862   0.444063908   0.752438457    1   1   0
Zn       0.219283862   0.776368885   0.251450926    1   1   0
Zn       0.220601752   0.776454655   0.754272642    1   1   0
Zn       0.553737137   0.109557160   0.253263490    1   1   0
Mg       0.554763815   0.110084370   0.752590853    1   1   0
Zn       0.558009616   0.448428642   0.252652024    1   1   0
Mg       0.557897019   0.447988555   0.753470604    1   1   0
Mg       0.552637094   0.777790319   0.253036891    1   1   0
Zn       0.552670511   0.777656194   0.753416757    1   1   0
Zn       0.887269447   0.107520712   0.252965919    1   1   0
Zn       0.889168807   0.110316896   0.753079677    1   1   0
Mg       0.884296521   0.439830170   0.251847122    1   1   0
Zn       0.885453879   0.441266802   0.752744868    1   1   0
Mg       0.889456397   0.778686999   0.255988669    1   1   0
Zn       0.890124327   0.778638948   0.750184621    1   1   0
Zn       0.112027059   0.222104433   0.502605677    1   1   0
Mg       0.112491119   0.222023776   0.002728663    1   1   0
Mg       0.110232527   0.554271450   0.502686019    1   1   0
Mg       0.111237698   0.554471531   0.002330648    1   1   0
Zn       0.113748955   0.891668441   0.502738855    1   1   0
Mg       0.114086706   0.891797692   0.001867781    1   1   0
Zn       0.447450186   0.225603254   0.505450161    1   1   0
Zn       0.447048466   0.225355936   0.001692431    1   1   0
Zn       0.443306738   0.556158277   0.505313453    1   1   0
Zn       0.442105369   0.554708583   0.004787931    1   1   0
Zn       0.440533566   0.887466820   0.501569159    1   1   0
Zn       0.440775246   0.887749135   0.002665653    1   1   0
Zn       0.777970428   0.220181935   0.503488816    1   1   0
Zn       0.777643762   0.219214824   0.004171054    1   1   0
Zn       0.780902247   0.556965307   0.501005158    1   1   0
Zn       0.781346552   0.558021781   0.004196366    1   1   0
Mg       0.776684195   0.888912744   0.501089584    1   1   0
Zn       0.776530499   0.887215493   0.003137793    1   1   0
O        0.225164203   0.113151975   0.003138151    1   1   0
O        0.224851409   0.113234093   0.502605651    1   1   0
O        0.220759715   0.443343249   0.002728600    1   1   0
O        0.221312307   0.443720093   0.502686087    1   1   0
O        0.219023117   0.775462056   0.002330316    1   1   0
O        0.218763195   0.775642185   0.502738722    1   1   0
O        0.554792291   0.110447820   0.001867761    1   1   0
O        0.554760276   0.110307623   0.505450352    1   1   0
O        0.558116469   0.447952080   0.001692170    1   1   0
O        0.557794576   0.448059716   0.505313923    1   1   0
O        0.554134870   0.778051829   0.004787448    1   1   0
O        0.554082469   0.778554391   0.501569000    1   1   0
O        0.889446361   0.109152243   0.002666860    1   1   0
O        0.890101383   0.110689312   0.503488705    1   1   0
O        0.888102975   0.442183675   0.004170624    1   1   0
O        0.887819436   0.442350477   0.501004715    1   1   0
O        0.891136387   0.780197317   0.004196321    1   1   0
O        0.890259613   0.779735085   0.501089546    1   1   0
O        0.110677854   0.220710165   0.251443061    1   1   0
O        0.111909791   0.221418519   0.755669114    1   1   0
O        0.108012779   0.553051862   0.253443589    1   1   0
O        0.109108845   0.553577369   0.752438279    1   1   0
O        0.111824536   0.890973651   0.251451229    1   1   0
O        0.112761493   0.891510394   0.754272436    1   1   0
O        0.448597171   0.226167584   0.253263604    1   1   0
O        0.449234718   0.226183800   0.752591096    1   1   0
O        0.443799970   0.555649536   0.252652001    1   1   0
O        0.444504392   0.556263347   0.753470505    1   1   0
O        0.441442606   0.888208125   0.253036884    1   1   0
O        0.442535576   0.888458018   0.753416659    1   1   0
O        0.776105410   0.218299337   0.252965894    1   1   0
O        0.777327270   0.220100437   0.753079821    1   1   0
O        0.779993494   0.556897684   0.251847393    1   1   0
O        0.780500654   0.557413099   0.752745187    1   1   0
O        0.774912637   0.885747570   0.255988199    1   1   0
O        0.776131655   0.887190429   0.750184958    1   1   0

