&control
  calculation ='scf'
  restart_mode ='from_scratch',
  prefix       ='ZnO',
  outdir='./temp'
  pseudo_dir='./GBRV_PBEsol'
  disk_io='low'
  etot_conv_thr=1.D-7,
  forc_conv_thr=1.D-6,
  verbosity    ='high',
  tprnfor=.t.
  tstress=.t.
  nstep=200
!  tefield = .true.
!  dipfield = .true.

 /
&system
  nosym = .true.,
  ibrav= 0,
  nat=  72,
  ntyp= 3,
  tot_charge = 0.0
  ecutwfc =  60,
  ecutrho = 500,
  occupations='smearing', smearing='mv', degauss=0.001,
!  eamp = 0.0
!  edir = 3
!  emaxpos = 0.1
!  eopreg = 0.05

!  input_dft='hse', nqx1=2, nqx2=2, nqx3=1,
!  x_gamma_extrapolation = .true.
!  vdw_corr = DFT-D3
/

&electrons
    mixing_mode = 'plain'
    mixing_beta = 0.5,
    conv_thr =  1.0d-8
!   Startingpot = 'file'
!   Startingwfc = 'file'
/

&IONS
  upscale           = 100.D0,
/

&CELL
  cell_dynamics     = 'bfgs'
  press_conv_thr    = 0.5d0
  cell_dofree = 'z'
/

ATOMIC_SPECIES
Zn 65.38   zn_pbesol_v1.uspp.F.UPF
O  15.999  o_pbesol_v1.2.uspp.F.UPF
Mg 24.305   mg_pbesol_v1.4.uspp.F.UPF

K_POINTS {automatic}
4 4 4 0 0 0 

CELL_PARAMETERS (angstrom)
   9.749208732   0.003994283  -0.003228935
  -4.871129776   8.444195695   0.003338409
  -0.004305950   0.002658169   9.331358286

ATOMIC_POSITIONS (crystal)
Zn       0.222718515   0.111313053   0.253032975    1   1   0
Zn       0.222480073   0.111213971   0.752647190    1   1   0
Zn       0.221838596   0.445150803   0.253296306    1   1   0
Zn       0.219624865   0.445727491   0.751336392    1   1   0
Zn       0.224125147   0.781813665   0.251621097    1   1   0
Mg       0.226619226   0.781815658   0.755687562    1   1   0
Zn       0.558806517   0.111387014   0.251515210    1   1   0
Zn       0.560392536   0.111835436   0.754666712    1   1   0
Mg       0.553612690   0.441324423   0.254915656    1   1   0
Mg       0.553233753   0.442079524   0.750411892    1   1   0
Mg       0.553148019   0.775188912   0.252925479    1   1   0
Zn       0.554741587   0.775164341   0.753055488    1   1   0
Mg       0.891359593   0.112357226   0.253587739    1   1   0
Mg       0.890783476   0.111962699   0.750532975    1   1   0
Zn       0.889174490   0.447408461   0.252847508    1   1   0
Mg       0.889659204   0.447642538   0.752853592    1   1   0
Zn       0.885894566   0.776541833   0.252222160    1   1   0
Zn       0.887572246   0.775798386   0.751709508    1   1   0
Zn       0.111080472   0.223798880   0.503059938    1   1   0
Zn       0.113015195   0.222191566   0.003096051    1   1   0
Mg       0.111304205   0.558877071   0.502457901    1   1   0
Zn       0.112637313   0.559006555   0.001071293    1   1   0
Zn       0.109991785   0.888042986   0.504836553    1   1   0
Mg       0.108169364   0.888325730   0.002809818    1   1   0
Zn       0.443258752   0.217479151   0.503026042    1   1   0
Mg       0.443324246   0.217898795   0.003164652    1   1   0
Mg       0.440403146   0.553130252   0.502879661    1   1   0
Zn       0.442071314   0.552625322   0.004675773    1   1   0
Zn       0.446827367   0.889482969   0.499456460    1   1   0
Zn       0.446869425   0.889075875   0.001423087    1   1   0
Mg       0.779208384   0.224990596   0.502342210    1   1   0
Zn       0.781701587   0.224234338   0.000393149    1   1   0
Zn       0.776113949   0.554339416   0.505793059    1   1   0
Zn       0.774902927   0.555834725   0.003113746    1   1   0
Mg       0.777198300   0.887863781   0.502371513    1   1   0
Mg       0.776363975   0.886967740   0.003105237    1   1   0
O        0.222103942   0.109825600   0.003105116    1   1   0
O        0.221052538   0.110672592   0.503059787    1   1   0
O        0.220147683   0.444608679   0.003094429    1   1   0
O        0.219265038   0.445238805   0.502457586    1   1   0
O        0.224038727   0.781345202   0.001072029    1   1   0
O        0.224516816   0.780797120   0.504836895    1   1   0
O        0.559474485   0.111611902   0.002811278    1   1   0
O        0.557951562   0.111325892   0.503025668    1   1   0
O        0.552265764   0.440286876   0.003163987    1   1   0
O        0.552189345   0.441467162   0.502880118    1   1   0
O        0.554756451   0.774642745   0.004675733    1   1   0
O        0.555376374   0.775177384   0.499455535    1   1   0
O        0.889409972   0.109454725   0.001423396    1   1   0
O        0.887578008   0.110147424   0.502342278    1   1   0
O        0.889640713   0.446702293   0.000392359    1   1   0
O        0.889915690   0.446352808   0.505793539    1   1   0
O        0.887175216   0.776883441   0.003114343    1   1   0
O        0.888077773   0.776924757   0.502371492    1   1   0
O        0.112374341   0.223088190   0.253032944    1   1   0
O        0.112475764   0.223379392   0.752647612    1   1   0
O        0.111846044   0.558696702   0.253296180    1   1   0
O        0.111771701   0.559930471   0.751336636    1   1   0
O        0.108726923   0.888413187   0.251621537    1   1   0
O        0.110267773   0.888292211   0.755686963    1   1   0
O        0.444809616   0.219778698   0.251515544    1   1   0
O        0.445182582   0.219917977   0.754666148    1   1   0
O        0.444048133   0.553506122   0.254915145    1   1   0
O        0.442650152   0.553389292   0.750412266    1   1   0
O        0.445326718   0.889262199   0.252925503    1   1   0
O        0.448004962   0.889940516   0.753055191    1   1   0
O        0.781605185   0.224952444   0.253587308    1   1   0
O        0.782513481   0.225530413   0.750533213    1   1   0
O        0.775126670   0.554611584   0.252847823    1   1   0
O        0.774358088   0.554248871   0.752853594    1   1   0
O        0.776071890   0.890148136   0.252222005    1   1   0
O        0.777677070   0.889557008   0.751709342    1   1   0

