&control
  calculation ='scf'
  restart_mode ='from_scratch',
  prefix       ='ZnO',
  outdir='./temp'
  pseudo_dir='./GBRV_PBEsol'
  disk_io='low'
  etot_conv_thr=1.D-7,
  forc_conv_thr=1.D-6,
  verbosity    ='high',
  tprnfor=.t.
  tstress=.t.
  nstep=200
!  tefield = .true.
!  dipfield = .true.

 /
&system
  nosym = .true.,
  ibrav= 0,
  nat=  72,
  ntyp= 3,
  tot_charge = 0.0
  ecutwfc =  60,
  ecutrho = 500,
  occupations='smearing', smearing='mv', degauss=0.001,
!  eamp = 0.0
!  edir = 3
!  emaxpos = 0.1
!  eopreg = 0.05

!  input_dft='hse', nqx1=2, nqx2=2, nqx3=1,
!  x_gamma_extrapolation = .true.
!  vdw_corr = DFT-D3
/

&electrons
    mixing_mode = 'plain'
    mixing_beta = 0.5,
    conv_thr =  1.0d-8
!   Startingpot = 'file'
!   Startingwfc = 'file'
/

&IONS
  upscale           = 100.D0,
/

&CELL
  cell_dynamics     = 'bfgs'
  press_conv_thr    = 0.5d0
  cell_dofree = 'all'
/

ATOMIC_SPECIES
Zn 65.38   zn_pbesol_v1.uspp.F.UPF
O  15.999  o_pbesol_v1.2.uspp.F.UPF
Mg 24.305   mg_pbesol_v1.4.uspp.F.UPF

K_POINTS {automatic}
4 4 4 0 0 0 

CELL_PARAMETERS (angstrom)
  10.304906095   0.000058539   0.000006639
  -5.152386411   8.923902368  -0.000331318
  -0.000004398  -0.000376357   8.833936238

ATOMIC_POSITIONS (crystal)
Mg       0.444685589   0.889052042   0.504851277    1   1   0
Mg       0.887948694   0.776533930   0.751310091    1   1   0
Mg       0.888614697   0.111260387   0.753567703    1   1   0
Mg       0.223118403   0.444543772   0.755197351    1   1   0
Mg       0.776428726   0.887537262   0.003847146    1   1   0
Mg       0.112108664   0.888821538   0.003957708    1   1   0
O        0.889596461   0.778488152   0.001043402    1   1   0
O        0.888540803   0.110611626   0.001572131    1   1   0
O        0.222286748   0.444379395   0.002287567    1   1   0
O        0.554779748   0.110295227   0.002931866    1   1   0
O        0.222809725   0.777733683   0.003385263    1   1   0
O        0.222054528   0.111243879   0.003450916    1   1   0
O        0.554823759   0.777541884   0.003614286    1   1   0
O        0.889185003   0.444868257   0.003847160    1   1   0
O        0.555897870   0.444770236   0.003957711    1   1   0
O        0.777996487   0.888977960   0.250681356    1   1   0
O        0.111187690   0.888809847   0.251314342    1   1   0
O        0.777587040   0.222095933   0.253157399    1   1   0
O        0.110798315   0.222448437   0.253255047    1   1   0
O        0.777957797   0.555716954   0.253283767    1   1   0
O        0.444149373   0.555213096   0.253565728    1   1   0
O        0.111255728   0.555249428   0.253589371    1   1   0
O        0.444451405   0.222238187   0.253865279    1   1   0
O        0.444579102   0.889033413   0.255788018    1   1   0
O        0.222078782   0.777940555   0.502993306    1   1   0
O        0.221990150   0.110582649   0.503001870    1   1   0
O        0.556251574   0.778060082   0.503014624    1   1   0
O        0.888967004   0.777833929   0.503602487    1   1   0
O        0.888842740   0.444379911   0.503654216    1   1   0
O        0.555431289   0.111223815   0.503662158    1   1   0
O        0.555692557   0.444362462   0.503858679    1   1   0
O        0.888103752   0.110708699   0.504021376    1   1   0
O        0.222718445   0.444994850   0.504851279    1   1   0
O        0.444691059   0.888638610   0.751310137    1   1   0
O        0.110778977   0.222384172   0.751990635    1   1   0
O        0.110854889   0.555230666   0.753032182    1   1   0
O        0.777774893   0.222483364   0.753411852    1   1   0
O        0.777561733   0.555190393   0.753466489    1   1   0
O        0.445167686   0.555782373   0.753567688    1   1   0
O        0.443820479   0.222353803   0.753841896    1   1   0
O        0.110495206   0.888702343   0.755118275    1   1   0
O        0.778776789   0.889286001   0.755197366    1   1   0
Zn       0.888911278   0.777427555   0.250681374    1   1   0
Zn       0.889069983   0.111807313   0.251314315    1   1   0
Zn       0.222156783   0.444358710   0.253157404    1   1   0
Zn       0.555389660   0.111138530   0.253255121    1   1   0
Zn       0.222541885   0.777192217   0.253283779    1   1   0
Zn       0.554911699   0.777362956   0.253565676    1   1   0
Zn       0.222362537   0.111881553   0.253589357    1   1   0
Zn       0.889153783   0.444386688   0.253865267    1   1   0
Zn       0.555529686   0.444317210   0.255788015    1   1   0
Zn       0.777439356   0.888495100   0.502993328    1   1   0
Zn       0.111319095   0.888518090   0.503001875    1   1   0
Zn       0.777788710   0.554921019   0.503014598    1   1   0
Zn       0.111032681   0.222280802   0.503602449    1   1   0
Zn       0.776904917   0.222623493   0.503654252    1   1   0
Zn       0.445430552   0.556212238   0.503662134    1   1   0
Zn       0.110642602   0.555830195   0.503858727    1   1   0
Zn       0.444755717   0.222076430   0.504021349    1   1   0
Zn       0.221181115   0.777483635   0.751990630    1   1   0
Zn       0.557402803   0.777485760   0.753032137    1   1   0
Zn       0.555995047   0.112533347   0.753411803    1   1   0
Zn       0.221522284   0.111232274   0.753466643    1   1   0
Zn       0.556255005   0.444718416   0.753841930    1   1   0
Zn       0.887993947   0.444410844   0.755118249    1   1   0
Zn       0.443749807   0.887465452   0.001043466    1   1   0
Zn       0.111235864   0.222004456   0.001572063    1   1   0
Zn       0.111658509   0.556395479   0.002287574    1   1   0
Zn       0.777673073   0.222589953   0.002931829    1   1   0
Zn       0.445048684   0.556020703   0.003385298    1   1   0
Zn       0.778089959   0.556466029   0.003450921    1   1   0
Zn       0.444012614   0.222760351   0.003614318    1   1   0

