VCNEB Calcualtion Step  500

 Image    a        b        c      alpha    beta   gamma  
   1   3.8440   3.8440   4.3217,   90.000  90.000  90.000
   2   3.8440   3.8440   4.2491,   90.008  90.008  90.000
   3   3.8439   3.8439   4.1767,   90.009  90.009  90.000
   4   3.8439   3.8439   4.1019,   90.054  90.054  90.000
   5   3.8439   3.8439   4.0390,   90.075  90.075  89.999
   6   3.8438   3.8437   3.9986,   90.027  90.027  89.993
   7   3.8438   3.8437   4.0072,   89.960  89.959  89.994
   8   3.8438   3.8438   4.0497,   89.932  89.932  89.999
   9   3.8438   3.8438   4.1051,   89.966  89.966  90.000
  10   3.8438   3.8438   4.1702,   89.972  89.973  90.000
  11   3.8438   3.8438   4.2481,   89.992  89.992  90.000
  12   3.8437   3.8437   4.3227,   90.000  90.000  90.000
